id,lat,lng,seq
M040872,40.820661,-73.954533,10001
M040872,40.821271,-73.954089,10002
M040872,40.821271,-73.954089,20001
M040872,40.822843,-73.952938,20002
M040872,40.822843,-73.952938,30001
M040872,40.824110,-73.952021,30002
M040872,40.824110,-73.952021,40001
M040872,40.825338,-73.951112,40002
M040872,40.825338,-73.951112,50001
M040872,40.826824,-73.950046,50002
M040872,40.826824,-73.950046,60001
M040872,40.827945,-73.949211,60002
M040872,40.827945,-73.949211,70001
M040872,40.829196,-73.948310,70002
M040872,40.829196,-73.948310,80001
M040872,40.830445,-73.947395,80002
M040872,40.830445,-73.947395,90001
M040872,40.831726,-73.946452,90002
M040872,40.831726,-73.946452,100001
M040872,40.833017,-73.945503,100002
M040872,40.833017,-73.945503,110001
M040872,40.834286,-73.944586,110002
M040872,40.834286,-73.944586,120001
M040872,40.835547,-73.943672,120002
M040872,40.835547,-73.943672,130001
M040872,40.836767,-73.942765,130002
M040872,40.836767,-73.942765,140001
M040872,40.838033,-73.941836,140002
M040872,40.838033,-73.941836,150001
M040872,40.838372,-73.941579,150002
M040872,40.839112,-73.941039,150003
M040872,40.839202,-73.941219,150004
M040872,40.839712,-73.942179,150005
M040872,40.840182,-73.943069,150006
M040872,40.840578,-73.942912,150007
M040872,40.840578,-73.942912,160001
M040872,40.842425,-73.942161,160002
M040872,40.842425,-73.942161,170001
M040872,40.842622,-73.942079,170002
M040872,40.842802,-73.942009,170003
M040872,40.843072,-73.941899,170004
M040872,40.843432,-73.941639,170005
M040872,40.844042,-73.941139,170006
M040872,40.844342,-73.940942,170007
M040872,40.844342,-73.940942,180001
M040872,40.845716,-73.940367,180002
M040872,40.845716,-73.940367,190001
M040872,40.846841,-73.939912,190002
M040872,40.846841,-73.939912,200001
M040872,40.846992,-73.939849,200002
M040872,40.847202,-73.939779,200003
M040872,40.847832,-73.939519,200004
M040872,40.847922,-73.939489,200005
M040872,40.847922,-73.939489,210001
M040872,40.848192,-73.939399,210002
M040872,40.848662,-73.939249,210003
M040872,40.848852,-73.939179,210004
M040872,40.848942,-73.939139,210005
M040872,40.849092,-73.939059,210006
M040872,40.849162,-73.939019,210007
M040872,40.849292,-73.938949,210008
M040872,40.849682,-73.938779,210009
M040872,40.849982,-73.938649,210010
M040872,40.850902,-73.938279,210011
M040872,40.851220,-73.938160,210012
M040872,40.851220,-73.938160,220001
M040872,40.852409,-73.937723,220002
M040872,40.852409,-73.937723,230001
M040872,40.853652,-73.937338,230002
M040872,40.853652,-73.937338,240001
M040872,40.855098,-73.936886,240002
M040872,40.855098,-73.936886,250001
M040872,40.855422,-73.936789,250002
M040872,40.855702,-73.936639,250003
M040872,40.857102,-73.935599,250004
M040872,40.857365,-73.935404,250005
M040872,40.857365,-73.935404,260001
M040872,40.858422,-73.934619,260002
M040872,40.858672,-73.934459,260003
M040872,40.859018,-73.934250,260004
M040872,40.859018,-73.934250,270001
M040872,40.859202,-73.934139,270002
M040872,40.859212,-73.934029,270003
M040872,40.859262,-73.933939,270004
M040872,40.859332,-73.933899,270005
M040872,40.859422,-73.933909,270006
M040872,40.859612,-73.933399,270007
M040872,40.859732,-73.933139,270008
M040872,40.859912,-73.932909,270009
M040872,40.860012,-73.932809,270010
M040872,40.860122,-73.932729,270011
M040872,40.860382,-73.932589,270012
M040872,40.860512,-73.932539,270013
M040872,40.860792,-73.932469,270014
M040872,40.861092,-73.932429,270015
M040872,40.861412,-73.932419,270016
M040872,40.861712,-73.932449,270017
M040872,40.861942,-73.932509,270018
M040872,40.862652,-73.932749,270019
M040872,40.862782,-73.932769,270020
M040872,40.862822,-73.932769,270021
M040872,40.862932,-73.932749,270022
M040872,40.863042,-73.932709,270023
M040872,40.863192,-73.932609,270024
M040872,40.863302,-73.932499,270025
M040872,40.863356,-73.932435,270026
M040872,40.863356,-73.932435,280001
M040872,40.863872,-73.931829,280002
M040872,40.864672,-73.930949,280003
M040872,40.864882,-73.930899,280004
M040872,40.865032,-73.930899,280005
M040872,40.865172,-73.930919,280006
M040872,40.865302,-73.930959,280007
M040872,40.865422,-73.931019,280008
M040872,40.865532,-73.931119,280009
M040872,40.865622,-73.931249,280010
M040872,40.865662,-73.931429,280011
M040872,40.865672,-73.931659,280012
M040872,40.865642,-73.931839,280013
M040872,40.865565,-73.931991,280014
M040874,40.797116,-73.949171,10001
M040874,40.797122,-73.949209,10002
M040874,40.797122,-73.949349,10003
M040874,40.797112,-73.949509,10004
M040874,40.797092,-73.949729,10005
M040874,40.797152,-73.949879,10006
M040874,40.797612,-73.950979,10007
M040874,40.798162,-73.952289,10008
M040874,40.798202,-73.952379,10009
M040874,40.798282,-73.952559,10010
M040874,40.798312,-73.952629,10011
M040874,40.798322,-73.952654,10012
M040874,40.798322,-73.952654,20001
M040874,40.799311,-73.955006,20002
M040874,40.799311,-73.955006,30001
M040874,40.799392,-73.955199,30002
M040874,40.799462,-73.955369,30003
M040874,40.799522,-73.955529,30004
M040874,40.800482,-73.957879,30005
M040874,40.800572,-73.957859,30006
M040874,40.800632,-73.957869,30007
M040874,40.800692,-73.957899,30008
M040874,40.800732,-73.957929,30009
M040874,40.800782,-73.958019,30010
M040874,40.800812,-73.958109,30011
M040874,40.800812,-73.958219,30012
M040874,40.800792,-73.958309,30013
M040874,40.800752,-73.958389,30014
M040874,40.800692,-73.958449,30015
M040874,40.800720,-73.958524,30016
M040874,40.800720,-73.958524,40001
M040874,40.801313,-73.960035,40002
M040874,40.801313,-73.960035,50001
M040874,40.801938,-73.961453,50002
M040874,40.801938,-73.961453,60001
M040874,40.803141,-73.964265,60002
M040874,40.803141,-73.964265,70001
M040874,40.804071,-73.966488,70002
M040874,40.804071,-73.966488,80001
M040874,40.806284,-73.965017,80002
M040874,40.806284,-73.965017,90001
M040874,40.808004,-73.963787,90002
M040874,40.808004,-73.963787,100001
M040874,40.810368,-73.962045,100002
M040874,40.810368,-73.962045,110001
M040874,40.812057,-73.960790,110002
M040874,40.812057,-73.960790,120001
M040874,40.813995,-73.959366,120002
M040874,40.813995,-73.959366,130001
M040874,40.814981,-73.958672,130002
M040874,40.814981,-73.958672,140001
M040874,40.817359,-73.956942,140002
M040874,40.817359,-73.956942,150001
M040874,40.818551,-73.956069,150002
M040874,40.818551,-73.956069,160001
M040874,40.820661,-73.954533,160002
M040874,40.820661,-73.954533,170001
M040874,40.821271,-73.954089,170002
M040874,40.821271,-73.954089,180001
M040874,40.822843,-73.952938,180002
M040874,40.822843,-73.952938,190001
M040874,40.824110,-73.952021,190002
M040874,40.824110,-73.952021,200001
M040874,40.825338,-73.951112,200002
M040874,40.825338,-73.951112,210001
M040874,40.826824,-73.950046,210002
M040874,40.826824,-73.950046,220001
M040874,40.827945,-73.949211,220002
M040874,40.827945,-73.949211,230001
M040874,40.829196,-73.948310,230002
M040874,40.829196,-73.948310,240001
M040874,40.830445,-73.947395,240002
M040874,40.830445,-73.947395,250001
M040874,40.831726,-73.946452,250002
M040874,40.831726,-73.946452,260001
M040874,40.833017,-73.945503,260002
M040874,40.833017,-73.945503,270001
M040874,40.834286,-73.944586,270002
M040874,40.834286,-73.944586,280001
M040874,40.835547,-73.943672,280002
M040874,40.835547,-73.943672,290001
M040874,40.836767,-73.942765,290002
M040874,40.836767,-73.942765,300001
M040874,40.838033,-73.941836,300002
M040874,40.838033,-73.941836,310001
M040874,40.838372,-73.941579,310002
M040874,40.839112,-73.941039,310003
M040874,40.839202,-73.941219,310004
M040874,40.839712,-73.942179,310005
M040874,40.840182,-73.943069,310006
M040874,40.840578,-73.942912,310007
M040874,40.840578,-73.942912,320001
M040874,40.842425,-73.942161,320002
M040874,40.842425,-73.942161,330001
M040874,40.842622,-73.942079,330002
M040874,40.842802,-73.942009,330003
M040874,40.843072,-73.941899,330004
M040874,40.843432,-73.941639,330005
M040874,40.844042,-73.941139,330006
M040874,40.844342,-73.940942,330007
M040874,40.844342,-73.940942,340001
M040874,40.845716,-73.940367,340002
M040874,40.845716,-73.940367,350001
M040874,40.846841,-73.939912,350002
M040874,40.846841,-73.939912,360001
M040874,40.846992,-73.939849,360002
M040874,40.847202,-73.939779,360003
M040874,40.847832,-73.939519,360004
M040874,40.847922,-73.939489,360005
M040874,40.847922,-73.939489,370001
M040874,40.848192,-73.939399,370002
M040874,40.848662,-73.939249,370003
M040874,40.848852,-73.939179,370004
M040874,40.848942,-73.939139,370005
M040874,40.849092,-73.939059,370006
M040874,40.849162,-73.939019,370007
M040874,40.849292,-73.938949,370008
M040874,40.849682,-73.938779,370009
M040874,40.849982,-73.938649,370010
M040874,40.850902,-73.938279,370011
M040874,40.851220,-73.938160,370012
M040874,40.851220,-73.938160,380001
M040874,40.852409,-73.937723,380002
M040874,40.852409,-73.937723,390001
M040874,40.853652,-73.937338,390002
M040874,40.853652,-73.937338,400001
M040874,40.855098,-73.936886,400002
M040874,40.855098,-73.936886,410001
M040874,40.855422,-73.936789,410002
M040874,40.855702,-73.936639,410003
M040874,40.857102,-73.935599,410004
M040874,40.857365,-73.935404,410005
M040874,40.857365,-73.935404,420001
M040874,40.858422,-73.934619,420002
M040874,40.858672,-73.934459,420003
M040874,40.859018,-73.934250,420004
M040875,40.820661,-73.954533,10001
M040875,40.821271,-73.954089,10002
M040875,40.821271,-73.954089,20001
M040875,40.822843,-73.952938,20002
M040875,40.822843,-73.952938,30001
M040875,40.824110,-73.952021,30002
M040875,40.824110,-73.952021,40001
M040875,40.825338,-73.951112,40002
M040875,40.825338,-73.951112,50001
M040875,40.826824,-73.950046,50002
M040875,40.826824,-73.950046,60001
M040875,40.827945,-73.949211,60002
M040875,40.827945,-73.949211,70001
M040875,40.829196,-73.948310,70002
M040875,40.829196,-73.948310,80001
M040875,40.830445,-73.947395,80002
M040875,40.830445,-73.947395,90001
M040875,40.831726,-73.946452,90002
M040875,40.831726,-73.946452,100001
M040875,40.833017,-73.945503,100002
M040875,40.833017,-73.945503,110001
M040875,40.834286,-73.944586,110002
M040875,40.834286,-73.944586,120001
M040875,40.835547,-73.943672,120002
M040875,40.835547,-73.943672,130001
M040875,40.836767,-73.942765,130002
M040875,40.836767,-73.942765,140001
M040875,40.838033,-73.941836,140002
M040875,40.838033,-73.941836,150001
M040875,40.838372,-73.941579,150002
M040875,40.839112,-73.941039,150003
M040875,40.839202,-73.941219,150004
M040875,40.839712,-73.942179,150005
M040875,40.840182,-73.943069,150006
M040875,40.840578,-73.942912,150007
M040875,40.840578,-73.942912,160001
M040875,40.842425,-73.942161,160002
M040875,40.842425,-73.942161,170001
M040875,40.842622,-73.942079,170002
M040875,40.842802,-73.942009,170003
M040875,40.843072,-73.941899,170004
M040875,40.843432,-73.941639,170005
M040875,40.844042,-73.941139,170006
M040875,40.844342,-73.940942,170007
M040875,40.844342,-73.940942,180001
M040875,40.845716,-73.940367,180002
M040875,40.845716,-73.940367,190001
M040875,40.846841,-73.939912,190002
M040875,40.846841,-73.939912,200001
M040875,40.846992,-73.939849,200002
M040875,40.847202,-73.939779,200003
M040875,40.847832,-73.939519,200004
M040875,40.847922,-73.939489,200005
M040875,40.847922,-73.939489,210001
M040875,40.848192,-73.939399,210002
M040875,40.848662,-73.939249,210003
M040875,40.848852,-73.939179,210004
M040875,40.848942,-73.939139,210005
M040875,40.849092,-73.939059,210006
M040875,40.849162,-73.939019,210007
M040875,40.849292,-73.938949,210008
M040875,40.849682,-73.938779,210009
M040875,40.849982,-73.938649,210010
M040875,40.850902,-73.938279,210011
M040875,40.851220,-73.938160,210012
M040875,40.851220,-73.938160,220001
M040875,40.852409,-73.937723,220002
M040875,40.852409,-73.937723,230001
M040875,40.853652,-73.937338,230002
M040875,40.853652,-73.937338,240001
M040875,40.855098,-73.936886,240002
M040875,40.855098,-73.936886,250001
M040875,40.855422,-73.936789,250002
M040875,40.855702,-73.936639,250003
M040875,40.857102,-73.935599,250004
M040875,40.857365,-73.935404,250005
M040875,40.857365,-73.935404,260001
M040875,40.858422,-73.934619,260002
M040875,40.858672,-73.934459,260003
M040875,40.859018,-73.934250,260004
M040876,40.746644,-73.983771,10001
M040876,40.748361,-73.982514,10002
M040876,40.748361,-73.982514,20001
M040876,40.753377,-73.978850,20002
M040876,40.753377,-73.978850,30001
M040876,40.757784,-73.975647,30002
M040876,40.757784,-73.975647,40001
M040876,40.762890,-73.971914,40002
M040876,40.762890,-73.971914,50001
M040876,40.768849,-73.967569,50002
M040876,40.768849,-73.967569,60001
M040876,40.771834,-73.965383,60002
M040876,40.771834,-73.965383,70001
M040876,40.777486,-73.961273,70002
M040876,40.777486,-73.961273,80001
M040876,40.781189,-73.958562,80002
M040876,40.781189,-73.958562,90001
M040876,40.787127,-73.954244,90002
M040876,40.787127,-73.954244,100001
M040876,40.790342,-73.951890,100002
M040876,40.790342,-73.951890,110001
M040876,40.793472,-73.949602,110002
M040876,40.793472,-73.949602,120001
M040876,40.793602,-73.949509,120002
M040876,40.794272,-73.949009,120003
M040876,40.794902,-73.948559,120004
M040876,40.795532,-73.948099,120005
M040876,40.796162,-73.947639,120006
M040876,40.796272,-73.947899,120007
M040876,40.796352,-73.948083,120008
M040876,40.796352,-73.948083,130001
M040876,40.796692,-73.948869,130002
M040876,40.796792,-73.948819,130003
M040876,40.796892,-73.948819,130004
M040876,40.796972,-73.948859,130005
M040876,40.797052,-73.948959,130006
M040876,40.797102,-73.949089,130007
M040876,40.797116,-73.949171,130008
M040876,40.797116,-73.949171,140001
M040876,40.797122,-73.949209,140002
M040876,40.797122,-73.949349,140003
M040876,40.797112,-73.949509,140004
M040876,40.797092,-73.949729,140005
M040876,40.797152,-73.949879,140006
M040876,40.797612,-73.950979,140007
M040876,40.798162,-73.952289,140008
M040876,40.798202,-73.952379,140009
M040876,40.798282,-73.952559,140010
M040876,40.798312,-73.952629,140011
M040876,40.798322,-73.952654,140012
M040876,40.798322,-73.952654,150001
M040876,40.799311,-73.955006,150002
M040876,40.799311,-73.955006,160001
M040876,40.799392,-73.955199,160002
M040876,40.799462,-73.955369,160003
M040876,40.799522,-73.955529,160004
M040876,40.800482,-73.957879,160005
M040876,40.800572,-73.957859,160006
M040876,40.800632,-73.957869,160007
M040876,40.800692,-73.957899,160008
M040876,40.800732,-73.957929,160009
M040876,40.800782,-73.958019,160010
M040876,40.800812,-73.958109,160011
M040876,40.800812,-73.958219,160012
M040876,40.800792,-73.958309,160013
M040876,40.800752,-73.958389,160014
M040876,40.800692,-73.958449,160015
M040876,40.800720,-73.958524,160016
M040876,40.800720,-73.958524,170001
M040876,40.801313,-73.960035,170002
M040876,40.801313,-73.960035,180001
M040876,40.801938,-73.961453,180002
M040876,40.801938,-73.961453,190001
M040876,40.803141,-73.964265,190002
M040876,40.803141,-73.964265,200001
M040876,40.804071,-73.966488,200002
M040876,40.804071,-73.966488,210001
M040876,40.808004,-73.963787,210002
M040876,40.808004,-73.963787,220001
M040876,40.808062,-73.963749,220002
M040876,40.808222,-73.963629,220003
M040876,40.808802,-73.963199,220004
M040876,40.809312,-73.962829,220005
M040876,40.809902,-73.962399,220006
M040876,40.810482,-73.961959,220007
M040876,40.811152,-73.961469,220008
M040876,40.811262,-73.961389,220009
M040876,40.811782,-73.960999,220010
M040876,40.811822,-73.960969,220011
M040876,40.812237,-73.960653,220012
M040876,40.812237,-73.960653,230001
M040876,40.812402,-73.960529,230002
M040876,40.813722,-73.959559,230003
M040876,40.814562,-73.958969,230004
M040876,40.814981,-73.958672,230005
M040876,40.814981,-73.958672,240001
M040876,40.817308,-73.956978,240002
M040876,40.817308,-73.956978,250001
M040876,40.820661,-73.954533,250002
M040876,40.820661,-73.954533,260001
M040876,40.826824,-73.950046,260002
M040876,40.826824,-73.950046,270001
M040876,40.834286,-73.944586,270002
M040876,40.834286,-73.944586,280001
M040876,40.835547,-73.943672,280002
M040876,40.835547,-73.943672,290001
M040876,40.836767,-73.942765,290002
M040876,40.836767,-73.942765,300001
M040876,40.838033,-73.941836,300002
M040876,40.838033,-73.941836,310001
M040876,40.838372,-73.941579,310002
M040876,40.839112,-73.941039,310003
M040876,40.839202,-73.941219,310004
M040876,40.839712,-73.942179,310005
M040876,40.840182,-73.943069,310006
M040876,40.840578,-73.942912,310007
M040876,40.840578,-73.942912,320001
M040876,40.842425,-73.942161,320002
M040876,40.842425,-73.942161,330001
M040876,40.842622,-73.942079,330002
M040876,40.842802,-73.942009,330003
M040876,40.843072,-73.941899,330004
M040876,40.843432,-73.941639,330005
M040876,40.844042,-73.941139,330006
M040876,40.844342,-73.940942,330007
M040876,40.844342,-73.940942,340001
M040876,40.845716,-73.940367,340002
M040876,40.845716,-73.940367,350001
M040876,40.846841,-73.939912,350002
M040876,40.846841,-73.939912,360001
M040876,40.846992,-73.939849,360002
M040876,40.847202,-73.939779,360003
M040876,40.847832,-73.939519,360004
M040876,40.847922,-73.939489,360005
M040876,40.847922,-73.939489,370001
M040876,40.848192,-73.939399,370002
M040876,40.848662,-73.939249,370003
M040876,40.848852,-73.939179,370004
M040876,40.848942,-73.939139,370005
M040876,40.849092,-73.939059,370006
M040876,40.849162,-73.939019,370007
M040876,40.849292,-73.938949,370008
M040876,40.849682,-73.938779,370009
M040876,40.849982,-73.938649,370010
M040876,40.850902,-73.938279,370011
M040876,40.851220,-73.938160,370012
M040876,40.851220,-73.938160,380001
M040876,40.852409,-73.937723,380002
M040876,40.852409,-73.937723,390001
M040876,40.853652,-73.937338,390002
M040876,40.853652,-73.937338,400001
M040876,40.855098,-73.936886,400002
M040876,40.855098,-73.936886,410001
M040876,40.855422,-73.936789,410002
M040876,40.855702,-73.936639,410003
M040876,40.857102,-73.935599,410004
M040876,40.857365,-73.935404,410005
M040876,40.857365,-73.935404,420001
M040876,40.858422,-73.934619,420002
M040876,40.858672,-73.934459,420003
M040876,40.859018,-73.934250,420004
M040879,40.859233,-73.934230,10001
M040879,40.859232,-73.934229,10002
M040879,40.859202,-73.934139,10003
M040879,40.858672,-73.934459,10004
M040879,40.858422,-73.934619,10005
M040879,40.857102,-73.935599,10006
M040879,40.856775,-73.935842,10007
M040879,40.856775,-73.935842,20001
M040879,40.855702,-73.936639,20002
M040879,40.855422,-73.936789,20003
M040879,40.855092,-73.936889,20004
M040879,40.854807,-73.936977,20005
M040879,40.854807,-73.936977,30001
M040879,40.853119,-73.937504,30002
M040879,40.853119,-73.937504,40001
M040879,40.851873,-73.937914,40002
M040879,40.851873,-73.937914,50001
M040879,40.850613,-73.938395,50002
M040879,40.850613,-73.938395,60001
M040879,40.849982,-73.938649,60002
M040879,40.849682,-73.938779,60003
M040879,40.849292,-73.938949,60004
M040879,40.849162,-73.939019,60005
M040879,40.849092,-73.939059,60006
M040879,40.848942,-73.939139,60007
M040879,40.848852,-73.939179,60008
M040879,40.848662,-73.939249,60009
M040879,40.848192,-73.939399,60010
M040879,40.847832,-73.939519,60011
M040879,40.847562,-73.939630,60012
M040879,40.847562,-73.939630,70001
M040879,40.845833,-73.940320,70002
M040879,40.845833,-73.940320,80001
M040879,40.844417,-73.940899,80002
M040879,40.844417,-73.940899,90001
M040879,40.844392,-73.940909,90002
M040879,40.844042,-73.941139,90003
M040879,40.843432,-73.941639,90004
M040879,40.843169,-73.941829,90005
M040879,40.843169,-73.941829,100001
M040879,40.843072,-73.941899,100002
M040879,40.842802,-73.942009,100003
M040879,40.842622,-73.942079,100004
M040879,40.842142,-73.942279,100005
M040879,40.841881,-73.942380,100006
M040879,40.841881,-73.942380,110001
M040879,40.839887,-73.943182,110002
M040879,40.839887,-73.943182,120001
M040879,40.838706,-73.943645,120002
M040879,40.838706,-73.943645,130001
M040879,40.837523,-73.944118,130002
M040879,40.837523,-73.944118,140001
M040879,40.836082,-73.944669,140002
M040879,40.836082,-73.944669,150001
M040879,40.835912,-73.944669,150002
M040879,40.835752,-73.944609,150003
M040879,40.835612,-73.944509,150004
M040879,40.835502,-73.944389,150005
M040879,40.835422,-73.944249,150006
M040879,40.835332,-73.944039,150007
M040879,40.834702,-73.944519,150008
M040879,40.834210,-73.944876,150009
M040879,40.834210,-73.944876,160001
M040879,40.832475,-73.946135,160002
M040879,40.832475,-73.946135,170001
M040879,40.830626,-73.947475,170002
M040879,40.830626,-73.947475,180001
M040879,40.829362,-73.948411,180002
M040879,40.829362,-73.948411,190001
M040879,40.827476,-73.949793,190002
M040879,40.827476,-73.949793,200001
M040879,40.826657,-73.950395,200002
M040879,40.826657,-73.950395,210001
M040879,40.824277,-73.952114,210002
M040879,40.824277,-73.952114,220001
M040879,40.823038,-73.953038,220002
M040879,40.823038,-73.953038,230001
M040879,40.821804,-73.953937,230002
M040879,40.821804,-73.953937,240001
M040879,40.819940,-73.955323,240002
M040881,40.865495,-73.932079,10001
M040881,40.865462,-73.932119,10002
M040881,40.865322,-73.932229,10003
M040881,40.865182,-73.932319,10004
M040881,40.865042,-73.932389,10005
M040881,40.864712,-73.932509,10006
M040881,40.864522,-73.932589,10007
M040881,40.864362,-73.932609,10008
M040881,40.864252,-73.932609,10009
M040881,40.863809,-73.932445,10010
M040881,40.863809,-73.932445,20001
M040881,40.863792,-73.932439,20002
M040881,40.863652,-73.932419,20003
M040881,40.863532,-73.932429,20004
M040881,40.863302,-73.932499,20005
M040881,40.863192,-73.932609,20006
M040881,40.863042,-73.932709,20007
M040881,40.862932,-73.932749,20008
M040881,40.862822,-73.932769,20009
M040881,40.862782,-73.932769,20010
M040881,40.862652,-73.932749,20011
M040881,40.861942,-73.932509,20012
M040881,40.861712,-73.932449,20013
M040881,40.861412,-73.932419,20014
M040881,40.861092,-73.932429,20015
M040881,40.860792,-73.932469,20016
M040881,40.860512,-73.932539,20017
M040881,40.860382,-73.932589,20018
M040881,40.860122,-73.932729,20019
M040881,40.860012,-73.932809,20020
M040881,40.859912,-73.932909,20021
M040881,40.859732,-73.933139,20022
M040881,40.859612,-73.933399,20023
M040881,40.859422,-73.933909,20024
M040881,40.859472,-73.933979,20025
M040881,40.859492,-73.934069,20026
M040881,40.859492,-73.934169,20027
M040881,40.859442,-73.934269,20028
M040881,40.859382,-73.934309,20029
M040881,40.859302,-73.934289,20030
M040881,40.859233,-73.934230,20031
M040881,40.859233,-73.934230,30001
M040881,40.859232,-73.934229,30002
M040881,40.859202,-73.934139,30003
M040881,40.858672,-73.934459,30004
M040881,40.858422,-73.934619,30005
M040881,40.857102,-73.935599,30006
M040881,40.856775,-73.935842,30007
M040881,40.856775,-73.935842,40001
M040881,40.855702,-73.936639,40002
M040881,40.855422,-73.936789,40003
M040881,40.855092,-73.936889,40004
M040881,40.854807,-73.936977,40005
M040881,40.854807,-73.936977,50001
M040881,40.853119,-73.937504,50002
M040881,40.853119,-73.937504,60001
M040881,40.851873,-73.937914,60002
M040881,40.851873,-73.937914,70001
M040881,40.850613,-73.938395,70002
M040881,40.850613,-73.938395,80001
M040881,40.849982,-73.938649,80002
M040881,40.849682,-73.938779,80003
M040881,40.849292,-73.938949,80004
M040881,40.849162,-73.939019,80005
M040881,40.849092,-73.939059,80006
M040881,40.848942,-73.939139,80007
M040881,40.848852,-73.939179,80008
M040881,40.848662,-73.939249,80009
M040881,40.848192,-73.939399,80010
M040881,40.847832,-73.939519,80011
M040881,40.847562,-73.939630,80012
M040881,40.847562,-73.939630,90001
M040881,40.845833,-73.940320,90002
M040881,40.845833,-73.940320,100001
M040881,40.844417,-73.940899,100002
M040881,40.844417,-73.940899,110001
M040881,40.844392,-73.940909,110002
M040881,40.844042,-73.941139,110003
M040881,40.843432,-73.941639,110004
M040881,40.843169,-73.941829,110005
M040881,40.843169,-73.941829,120001
M040881,40.843072,-73.941899,120002
M040881,40.842802,-73.942009,120003
M040881,40.842622,-73.942079,120004
M040881,40.842142,-73.942279,120005
M040881,40.841881,-73.942380,120006
M040881,40.841881,-73.942380,130001
M040881,40.839887,-73.943182,130002
M040881,40.839887,-73.943182,140001
M040881,40.838706,-73.943645,140002
M040881,40.838706,-73.943645,150001
M040881,40.837523,-73.944118,150002
M040881,40.837523,-73.944118,160001
M040881,40.836082,-73.944669,160002
M040881,40.836082,-73.944669,170001
M040881,40.835912,-73.944669,170002
M040881,40.835752,-73.944609,170003
M040881,40.835612,-73.944509,170004
M040881,40.835502,-73.944389,170005
M040881,40.835422,-73.944249,170006
M040881,40.835332,-73.944039,170007
M040881,40.834702,-73.944519,170008
M040881,40.834210,-73.944876,170009
M040881,40.834210,-73.944876,180001
M040881,40.832475,-73.946135,180002
M040881,40.832475,-73.946135,190001
M040881,40.830626,-73.947475,190002
M040881,40.830626,-73.947475,200001
M040881,40.829362,-73.948411,200002
M040881,40.829362,-73.948411,210001
M040881,40.827476,-73.949793,210002
M040881,40.827476,-73.949793,220001
M040881,40.826657,-73.950395,220002
M040881,40.826657,-73.950395,230001
M040881,40.824277,-73.952114,230002
M040881,40.824277,-73.952114,240001
M040881,40.823038,-73.953038,240002
M040881,40.823038,-73.953038,250001
M040881,40.821804,-73.953937,250002
M040881,40.821804,-73.953937,260001
M040881,40.819940,-73.955323,260002
M040890,40.746644,-73.983771,10001
M040890,40.748361,-73.982514,10002
M040890,40.748361,-73.982514,20001
M040890,40.750172,-73.981193,20002
M040890,40.750172,-73.981193,30001
M040890,40.750272,-73.981119,30002
M040890,40.750902,-73.980669,30003
M040890,40.751512,-73.980219,30004
M040890,40.752053,-73.979826,30005
M040890,40.752053,-73.979826,40001
M040890,40.752132,-73.979769,40002
M040890,40.752352,-73.979609,40003
M040890,40.752542,-73.979479,40004
M040890,40.752822,-73.979269,40005
M040890,40.753377,-73.978850,40006
M040890,40.753377,-73.978850,50001
M040890,40.753472,-73.978779,50002
M040890,40.754002,-73.978399,50003
M040890,40.754052,-73.978359,50004
M040890,40.754092,-73.978329,50005
M040890,40.754722,-73.977869,50006
M040890,40.755263,-73.977476,50007
M040890,40.755263,-73.977476,60001
M040890,40.755342,-73.977419,60002
M040890,40.755972,-73.976959,60003
M040890,40.756524,-73.976549,60004
M040890,40.756524,-73.976549,70001
M040890,40.756592,-73.976499,70002
M040890,40.756972,-73.976239,70003
M040890,40.757222,-73.976049,70004
M040890,40.757784,-73.975647,70005
M040890,40.757784,-73.975647,80001
M040890,40.757852,-73.975599,80002
M040890,40.758482,-73.975129,80003
M040890,40.759092,-73.974679,80004
M040890,40.759669,-73.974263,80005
M040890,40.759669,-73.974263,90001
M040890,40.759732,-73.974219,90002
M040890,40.760352,-73.973769,90003
M040890,40.760982,-73.973299,90004
M040890,40.761540,-73.972893,90005
M040890,40.761540,-73.972893,100001
M040890,40.761602,-73.972849,100002
M040890,40.762282,-73.972359,100003
M040890,40.762890,-73.971914,100004
M040890,40.762890,-73.971914,110001
M040890,40.764719,-73.970581,110002
M040890,40.764719,-73.970581,120001
M040890,40.766310,-73.969416,120002
M040890,40.766310,-73.969416,130001
M040890,40.767874,-73.968274,130002
M040890,40.767874,-73.968274,140001
M040890,40.768849,-73.967569,140002
M040890,40.768849,-73.967569,150001
M040890,40.770113,-73.966648,150002
M040890,40.770113,-73.966648,160001
M040890,40.771834,-73.965383,160002
M040890,40.771834,-73.965383,170001
M040890,40.772452,-73.964929,170002
M040890,40.772802,-73.964677,170003
M040890,40.772802,-73.964677,180001
M040890,40.773092,-73.964469,180002
M040890,40.773722,-73.964009,180003
M040890,40.774362,-73.963549,180004
M040890,40.774992,-73.963089,180005
M040890,40.775357,-73.962826,180006
M040890,40.775357,-73.962826,190001
M040890,40.777486,-73.961273,190002
M040890,40.777486,-73.961273,200001
M040890,40.778828,-73.960292,200002
M040890,40.778828,-73.960292,210001
M040890,40.781189,-73.958562,210002
M040890,40.781189,-73.958562,220001
M040890,40.782709,-73.957452,220002
M040890,40.782709,-73.957452,230001
M040890,40.784398,-73.956225,230002
M040890,40.784398,-73.956225,240001
M040890,40.785673,-73.955290,240002
M040890,40.785673,-73.955290,250001
M040890,40.787127,-73.954244,250002
M040890,40.787127,-73.954244,260001
M040890,40.788449,-73.953263,260002
M040890,40.788449,-73.953263,270001
M040890,40.790342,-73.951890,270002
M040890,40.790342,-73.951890,280001
M040890,40.791407,-73.951109,280002
M040890,40.791407,-73.951109,290001
M040890,40.792193,-73.950530,290002
M040890,40.792193,-73.950530,300001
M040890,40.793472,-73.949602,300002
M040890,40.793472,-73.949602,310001
M040890,40.794588,-73.948783,310002
M040890,40.794588,-73.948783,320001
M040890,40.794902,-73.948559,320002
M040890,40.795532,-73.948099,320003
M040890,40.796162,-73.947639,320004
M040890,40.796272,-73.947899,320005
M040890,40.796352,-73.948083,320006
M040890,40.796352,-73.948083,330001
M040890,40.796692,-73.948869,330002
M040890,40.796792,-73.948819,330003
M040890,40.796892,-73.948819,330004
M040890,40.796972,-73.948859,330005
M040890,40.797052,-73.948959,330006
M040890,40.797102,-73.949089,330007
M040890,40.797116,-73.949171,330008
M040890,40.797116,-73.949171,340001
M040890,40.797122,-73.949209,340002
M040890,40.797122,-73.949349,340003
M040890,40.797112,-73.949509,340004
M040890,40.797092,-73.949729,340005
M040890,40.797152,-73.949879,340006
M040890,40.797612,-73.950979,340007
M040890,40.798162,-73.952289,340008
M040890,40.798202,-73.952379,340009
M040890,40.798282,-73.952559,340010
M040890,40.798312,-73.952629,340011
M040890,40.798322,-73.952654,340012
M040890,40.798322,-73.952654,350001
M040890,40.799311,-73.955006,350002
M040890,40.799311,-73.955006,360001
M040890,40.799392,-73.955199,360002
M040890,40.799462,-73.955369,360003
M040890,40.799522,-73.955529,360004
M040890,40.800482,-73.957879,360005
M040890,40.800572,-73.957859,360006
M040890,40.800632,-73.957869,360007
M040890,40.800692,-73.957899,360008
M040890,40.800732,-73.957929,360009
M040890,40.800782,-73.958019,360010
M040890,40.800812,-73.958109,360011
M040890,40.800812,-73.958219,360012
M040890,40.800792,-73.958309,360013
M040890,40.800752,-73.958389,360014
M040890,40.800692,-73.958449,360015
M040890,40.800720,-73.958524,360016
M040890,40.800720,-73.958524,370001
M040890,40.801313,-73.960035,370002
M040890,40.801313,-73.960035,380001
M040890,40.801938,-73.961453,380002
M040890,40.801938,-73.961453,390001
M040890,40.803141,-73.964265,390002
M040890,40.803141,-73.964265,400001
M040890,40.804071,-73.966488,400002
M040890,40.804071,-73.966488,410001
M040890,40.806284,-73.965017,410002
M040890,40.806284,-73.965017,420001
M040890,40.808004,-73.963787,420002
M040890,40.808004,-73.963787,430001
M040890,40.810368,-73.962045,430002
M040890,40.810368,-73.962045,440001
M040890,40.812057,-73.960790,440002
M040890,40.812057,-73.960790,450001
M040890,40.813995,-73.959366,450002
M040890,40.813995,-73.959366,460001
M040890,40.814981,-73.958672,460002
M040890,40.814981,-73.958672,470001
M040890,40.817359,-73.956942,470002
M040890,40.817359,-73.956942,480001
M040890,40.818551,-73.956069,480002
M040890,40.818551,-73.956069,490001
M040890,40.820661,-73.954533,490002
M040890,40.820661,-73.954533,500001
M040890,40.821271,-73.954089,500002
M040890,40.821271,-73.954089,510001
M040890,40.822843,-73.952938,510002
M040890,40.822843,-73.952938,520001
M040890,40.824110,-73.952021,520002
M040890,40.824110,-73.952021,530001
M040890,40.825338,-73.951112,530002
M040890,40.825338,-73.951112,540001
M040890,40.826824,-73.950046,540002
M040890,40.826824,-73.950046,550001
M040890,40.827945,-73.949211,550002
M040890,40.827945,-73.949211,560001
M040890,40.829196,-73.948310,560002
M040890,40.829196,-73.948310,570001
M040890,40.830445,-73.947395,570002
M040890,40.830445,-73.947395,580001
M040890,40.831726,-73.946452,580002
M040890,40.831726,-73.946452,590001
M040890,40.833017,-73.945503,590002
M040890,40.833017,-73.945503,600001
M040890,40.834286,-73.944586,600002
M040890,40.834286,-73.944586,610001
M040890,40.835547,-73.943672,610002
M040890,40.835547,-73.943672,620001
M040890,40.836767,-73.942765,620002
M040890,40.836767,-73.942765,630001
M040890,40.838033,-73.941836,630002
M040890,40.838033,-73.941836,640001
M040890,40.838372,-73.941579,640002
M040890,40.839112,-73.941039,640003
M040890,40.839202,-73.941219,640004
M040890,40.839712,-73.942179,640005
M040890,40.840182,-73.943069,640006
M040890,40.840578,-73.942912,640007
M040890,40.840578,-73.942912,650001
M040890,40.842425,-73.942161,650002
M040890,40.842425,-73.942161,660001
M040890,40.842622,-73.942079,660002
M040890,40.842802,-73.942009,660003
M040890,40.843072,-73.941899,660004
M040890,40.843432,-73.941639,660005
M040890,40.844042,-73.941139,660006
M040890,40.844342,-73.940942,660007
M040890,40.844342,-73.940942,670001
M040890,40.845716,-73.940367,670002
M040890,40.845716,-73.940367,680001
M040890,40.846841,-73.939912,680002
M040890,40.846841,-73.939912,690001
M040890,40.846992,-73.939849,690002
M040890,40.847202,-73.939779,690003
M040890,40.847832,-73.939519,690004
M040890,40.847922,-73.939489,690005
M040890,40.847922,-73.939489,700001
M040890,40.848192,-73.939399,700002
M040890,40.848662,-73.939249,700003
M040890,40.848852,-73.939179,700004
M040890,40.848942,-73.939139,700005
M040890,40.849092,-73.939059,700006
M040890,40.849162,-73.939019,700007
M040890,40.849292,-73.938949,700008
M040890,40.849682,-73.938779,700009
M040890,40.849982,-73.938649,700010
M040890,40.850902,-73.938279,700011
M040890,40.851220,-73.938160,700012
M040890,40.851220,-73.938160,710001
M040890,40.852409,-73.937723,710002
M040890,40.852409,-73.937723,720001
M040890,40.853652,-73.937338,720002
M040890,40.853652,-73.937338,730001
M040890,40.855098,-73.936886,730002
M040890,40.855098,-73.936886,740001
M040890,40.855422,-73.936789,740002
M040890,40.855702,-73.936639,740003
M040890,40.857102,-73.935599,740004
M040890,40.857365,-73.935404,740005
M040890,40.857365,-73.935404,750001
M040890,40.858422,-73.934619,750002
M040890,40.858672,-73.934459,750003
M040890,40.859018,-73.934250,750004
M040890,40.859018,-73.934250,760001
M040890,40.859202,-73.934139,760002
M040890,40.859212,-73.934029,760003
M040890,40.859262,-73.933939,760004
M040890,40.859332,-73.933899,760005
M040890,40.859422,-73.933909,760006
M040890,40.859612,-73.933399,760007
M040890,40.859732,-73.933139,760008
M040890,40.859912,-73.932909,760009
M040890,40.860012,-73.932809,760010
M040890,40.860122,-73.932729,760011
M040890,40.860382,-73.932589,760012
M040890,40.860512,-73.932539,760013
M040890,40.860792,-73.932469,760014
M040890,40.861092,-73.932429,760015
M040890,40.861412,-73.932419,760016
M040890,40.861712,-73.932449,760017
M040890,40.861942,-73.932509,760018
M040890,40.862652,-73.932749,760019
M040890,40.862782,-73.932769,760020
M040890,40.862822,-73.932769,760021
M040890,40.862932,-73.932749,760022
M040890,40.863042,-73.932709,760023
M040890,40.863192,-73.932609,760024
M040890,40.863302,-73.932499,760025
M040890,40.863356,-73.932435,760026
M040890,40.863356,-73.932435,770001
M040890,40.863872,-73.931829,770002
M040890,40.864672,-73.930949,770003
M040890,40.864882,-73.930899,770004
M040890,40.865032,-73.930899,770005
M040890,40.865172,-73.930919,770006
M040890,40.865302,-73.930959,770007
M040890,40.865422,-73.931019,770008
M040890,40.865532,-73.931119,770009
M040890,40.865622,-73.931249,770010
M040890,40.865662,-73.931429,770011
M040890,40.865672,-73.931659,770012
M040890,40.865642,-73.931839,770013
M040890,40.865565,-73.931991,770014
M040891,40.746644,-73.983771,10001
M040891,40.748361,-73.982514,10002
M040891,40.748361,-73.982514,20001
M040891,40.750172,-73.981193,20002
M040891,40.750172,-73.981193,30001
M040891,40.750272,-73.981119,30002
M040891,40.750902,-73.980669,30003
M040891,40.751512,-73.980219,30004
M040891,40.752053,-73.979826,30005
M040891,40.752053,-73.979826,40001
M040891,40.752132,-73.979769,40002
M040891,40.752352,-73.979609,40003
M040891,40.752542,-73.979479,40004
M040891,40.752822,-73.979269,40005
M040891,40.753377,-73.978850,40006
M040891,40.753377,-73.978850,50001
M040891,40.753472,-73.978779,50002
M040891,40.754002,-73.978399,50003
M040891,40.754052,-73.978359,50004
M040891,40.754092,-73.978329,50005
M040891,40.754722,-73.977869,50006
M040891,40.755263,-73.977476,50007
M040891,40.755263,-73.977476,60001
M040891,40.755342,-73.977419,60002
M040891,40.755972,-73.976959,60003
M040891,40.756524,-73.976549,60004
M040891,40.756524,-73.976549,70001
M040891,40.756592,-73.976499,70002
M040891,40.756972,-73.976239,70003
M040891,40.757222,-73.976049,70004
M040891,40.757784,-73.975647,70005
M040891,40.757784,-73.975647,80001
M040891,40.757852,-73.975599,80002
M040891,40.758482,-73.975129,80003
M040891,40.759092,-73.974679,80004
M040891,40.759669,-73.974263,80005
M040891,40.759669,-73.974263,90001
M040891,40.759732,-73.974219,90002
M040891,40.760352,-73.973769,90003
M040891,40.760982,-73.973299,90004
M040891,40.761540,-73.972893,90005
M040891,40.761540,-73.972893,100001
M040891,40.761602,-73.972849,100002
M040891,40.762282,-73.972359,100003
M040891,40.762890,-73.971914,100004
M040891,40.762890,-73.971914,110001
M040891,40.764719,-73.970581,110002
M040891,40.764719,-73.970581,120001
M040891,40.766310,-73.969416,120002
M040891,40.766310,-73.969416,130001
M040891,40.767874,-73.968274,130002
M040891,40.767874,-73.968274,140001
M040891,40.768849,-73.967569,140002
M040891,40.768849,-73.967569,150001
M040891,40.770113,-73.966648,150002
M040891,40.770113,-73.966648,160001
M040891,40.771834,-73.965383,160002
M040891,40.771834,-73.965383,170001
M040891,40.772452,-73.964929,170002
M040891,40.772802,-73.964677,170003
M040891,40.772802,-73.964677,180001
M040891,40.773092,-73.964469,180002
M040891,40.773722,-73.964009,180003
M040891,40.774362,-73.963549,180004
M040891,40.774992,-73.963089,180005
M040891,40.775357,-73.962826,180006
M040891,40.775357,-73.962826,190001
M040891,40.777486,-73.961273,190002
M040891,40.777486,-73.961273,200001
M040891,40.778828,-73.960292,200002
M040891,40.778828,-73.960292,210001
M040891,40.781189,-73.958562,210002
M040891,40.781189,-73.958562,220001
M040891,40.782709,-73.957452,220002
M040891,40.782709,-73.957452,230001
M040891,40.784398,-73.956225,230002
M040891,40.784398,-73.956225,240001
M040891,40.785673,-73.955290,240002
M040891,40.785673,-73.955290,250001
M040891,40.787127,-73.954244,250002
M040891,40.787127,-73.954244,260001
M040891,40.788449,-73.953263,260002
M040891,40.788449,-73.953263,270001
M040891,40.790342,-73.951890,270002
M040891,40.790342,-73.951890,280001
M040891,40.791407,-73.951109,280002
M040891,40.791407,-73.951109,290001
M040891,40.792193,-73.950530,290002
M040891,40.792193,-73.950530,300001
M040891,40.793472,-73.949602,300002
M040891,40.793472,-73.949602,310001
M040891,40.794588,-73.948783,310002
M040891,40.794588,-73.948783,320001
M040891,40.794902,-73.948559,320002
M040891,40.795532,-73.948099,320003
M040891,40.796162,-73.947639,320004
M040891,40.796272,-73.947899,320005
M040891,40.796352,-73.948083,320006
M040891,40.796352,-73.948083,330001
M040891,40.796692,-73.948869,330002
M040891,40.796792,-73.948819,330003
M040891,40.796892,-73.948819,330004
M040891,40.796972,-73.948859,330005
M040891,40.797052,-73.948959,330006
M040891,40.797102,-73.949089,330007
M040891,40.797116,-73.949171,330008
M040891,40.797116,-73.949171,340001
M040891,40.797122,-73.949209,340002
M040891,40.797122,-73.949349,340003
M040891,40.797112,-73.949509,340004
M040891,40.797092,-73.949729,340005
M040891,40.797152,-73.949879,340006
M040891,40.797612,-73.950979,340007
M040891,40.798162,-73.952289,340008
M040891,40.798202,-73.952379,340009
M040891,40.798282,-73.952559,340010
M040891,40.798312,-73.952629,340011
M040891,40.798322,-73.952654,340012
M040891,40.798322,-73.952654,350001
M040891,40.799311,-73.955006,350002
M040891,40.799311,-73.955006,360001
M040891,40.799392,-73.955199,360002
M040891,40.799462,-73.955369,360003
M040891,40.799522,-73.955529,360004
M040891,40.800482,-73.957879,360005
M040891,40.800572,-73.957859,360006
M040891,40.800632,-73.957869,360007
M040891,40.800692,-73.957899,360008
M040891,40.800732,-73.957929,360009
M040891,40.800782,-73.958019,360010
M040891,40.800812,-73.958109,360011
M040891,40.800812,-73.958219,360012
M040891,40.800792,-73.958309,360013
M040891,40.800752,-73.958389,360014
M040891,40.800692,-73.958449,360015
M040891,40.800720,-73.958524,360016
M040891,40.800720,-73.958524,370001
M040891,40.801313,-73.960035,370002
M040891,40.801313,-73.960035,380001
M040891,40.801938,-73.961453,380002
M040891,40.801938,-73.961453,390001
M040891,40.803141,-73.964265,390002
M040891,40.803141,-73.964265,400001
M040891,40.804071,-73.966488,400002
M040891,40.804071,-73.966488,410001
M040891,40.806284,-73.965017,410002
M040891,40.806284,-73.965017,420001
M040891,40.808004,-73.963787,420002
M040891,40.808004,-73.963787,430001
M040891,40.810368,-73.962045,430002
M040891,40.810368,-73.962045,440001
M040891,40.812057,-73.960790,440002
M040891,40.812057,-73.960790,450001
M040891,40.813995,-73.959366,450002
M040891,40.813995,-73.959366,460001
M040891,40.814981,-73.958672,460002
M040891,40.814981,-73.958672,470001
M040891,40.817359,-73.956942,470002
M040891,40.817359,-73.956942,480001
M040891,40.818551,-73.956069,480002
M040891,40.818551,-73.956069,490001
M040891,40.820661,-73.954533,490002
M040891,40.820661,-73.954533,500001
M040891,40.821271,-73.954089,500002
M040891,40.821271,-73.954089,510001
M040891,40.822843,-73.952938,510002
M040891,40.822843,-73.952938,520001
M040891,40.824110,-73.952021,520002
M040891,40.824110,-73.952021,530001
M040891,40.825338,-73.951112,530002
M040891,40.825338,-73.951112,540001
M040891,40.826824,-73.950046,540002
M040891,40.826824,-73.950046,550001
M040891,40.827945,-73.949211,550002
M040891,40.827945,-73.949211,560001
M040891,40.829196,-73.948310,560002
M040891,40.829196,-73.948310,570001
M040891,40.830445,-73.947395,570002
M040891,40.830445,-73.947395,580001
M040891,40.831726,-73.946452,580002
M040891,40.831726,-73.946452,590001
M040891,40.833017,-73.945503,590002
M040891,40.833017,-73.945503,600001
M040891,40.834286,-73.944586,600002
M040891,40.834286,-73.944586,610001
M040891,40.835547,-73.943672,610002
M040891,40.835547,-73.943672,620001
M040891,40.836767,-73.942765,620002
M040891,40.836767,-73.942765,630001
M040891,40.838033,-73.941836,630002
M040891,40.838033,-73.941836,640001
M040891,40.838372,-73.941579,640002
M040891,40.839112,-73.941039,640003
M040891,40.839202,-73.941219,640004
M040891,40.839712,-73.942179,640005
M040891,40.840182,-73.943069,640006
M040891,40.840578,-73.942912,640007
M040891,40.840578,-73.942912,650001
M040891,40.842425,-73.942161,650002
M040891,40.842425,-73.942161,660001
M040891,40.842622,-73.942079,660002
M040891,40.842802,-73.942009,660003
M040891,40.843072,-73.941899,660004
M040891,40.843432,-73.941639,660005
M040891,40.844042,-73.941139,660006
M040891,40.844342,-73.940942,660007
M040891,40.844342,-73.940942,670001
M040891,40.845716,-73.940367,670002
M040891,40.845716,-73.940367,680001
M040891,40.846841,-73.939912,680002
M040891,40.846841,-73.939912,690001
M040891,40.846992,-73.939849,690002
M040891,40.847202,-73.939779,690003
M040891,40.847832,-73.939519,690004
M040891,40.847922,-73.939489,690005
M040891,40.847922,-73.939489,700001
M040891,40.848192,-73.939399,700002
M040891,40.848662,-73.939249,700003
M040891,40.848852,-73.939179,700004
M040891,40.848942,-73.939139,700005
M040891,40.849092,-73.939059,700006
M040891,40.849162,-73.939019,700007
M040891,40.849292,-73.938949,700008
M040891,40.849682,-73.938779,700009
M040891,40.849982,-73.938649,700010
M040891,40.850902,-73.938279,700011
M040891,40.851220,-73.938160,700012
M040891,40.851220,-73.938160,710001
M040891,40.852409,-73.937723,710002
M040891,40.852409,-73.937723,720001
M040891,40.853652,-73.937338,720002
M040891,40.853652,-73.937338,730001
M040891,40.855098,-73.936886,730002
M040891,40.855098,-73.936886,740001
M040891,40.855422,-73.936789,740002
M040891,40.855702,-73.936639,740003
M040891,40.857102,-73.935599,740004
M040891,40.857365,-73.935404,740005
M040891,40.857365,-73.935404,750001
M040891,40.858422,-73.934619,750002
M040891,40.858672,-73.934459,750003
M040891,40.859018,-73.934250,750004
M040892,40.865495,-73.932079,10001
M040892,40.865462,-73.932119,10002
M040892,40.865322,-73.932229,10003
M040892,40.865182,-73.932319,10004
M040892,40.865042,-73.932389,10005
M040892,40.864712,-73.932509,10006
M040892,40.864522,-73.932589,10007
M040892,40.864362,-73.932609,10008
M040892,40.864252,-73.932609,10009
M040892,40.863809,-73.932445,10010
M040892,40.863809,-73.932445,20001
M040892,40.863792,-73.932439,20002
M040892,40.863652,-73.932419,20003
M040892,40.863532,-73.932429,20004
M040892,40.863302,-73.932499,20005
M040892,40.863192,-73.932609,20006
M040892,40.863042,-73.932709,20007
M040892,40.862932,-73.932749,20008
M040892,40.862822,-73.932769,20009
M040892,40.862782,-73.932769,20010
M040892,40.862652,-73.932749,20011
M040892,40.861942,-73.932509,20012
M040892,40.861712,-73.932449,20013
M040892,40.861412,-73.932419,20014
M040892,40.861092,-73.932429,20015
M040892,40.860792,-73.932469,20016
M040892,40.860512,-73.932539,20017
M040892,40.860382,-73.932589,20018
M040892,40.860122,-73.932729,20019
M040892,40.860012,-73.932809,20020
M040892,40.859912,-73.932909,20021
M040892,40.859732,-73.933139,20022
M040892,40.859612,-73.933399,20023
M040892,40.859422,-73.933909,20024
M040892,40.859472,-73.933979,20025
M040892,40.859492,-73.934069,20026
M040892,40.859492,-73.934169,20027
M040892,40.859442,-73.934269,20028
M040892,40.859382,-73.934309,20029
M040892,40.859302,-73.934289,20030
M040892,40.859233,-73.934230,20031
M040892,40.859233,-73.934230,30001
M040892,40.859232,-73.934229,30002
M040892,40.859202,-73.934139,30003
M040892,40.858672,-73.934459,30004
M040892,40.858422,-73.934619,30005
M040892,40.857102,-73.935599,30006
M040892,40.856775,-73.935842,30007
M040892,40.856775,-73.935842,40001
M040892,40.855702,-73.936639,40002
M040892,40.855422,-73.936789,40003
M040892,40.855092,-73.936889,40004
M040892,40.854807,-73.936977,40005
M040892,40.854807,-73.936977,50001
M040892,40.853119,-73.937504,50002
M040892,40.853119,-73.937504,60001
M040892,40.851873,-73.937914,60002
M040892,40.851873,-73.937914,70001
M040892,40.850613,-73.938395,70002
M040892,40.850613,-73.938395,80001
M040892,40.849982,-73.938649,80002
M040892,40.849682,-73.938779,80003
M040892,40.849292,-73.938949,80004
M040892,40.849162,-73.939019,80005
M040892,40.849092,-73.939059,80006
M040892,40.848942,-73.939139,80007
M040892,40.848852,-73.939179,80008
M040892,40.848662,-73.939249,80009
M040892,40.848192,-73.939399,80010
M040892,40.847832,-73.939519,80011
M040892,40.847562,-73.939630,80012
M040892,40.847562,-73.939630,90001
M040892,40.845833,-73.940320,90002
M040892,40.845833,-73.940320,100001
M040892,40.844417,-73.940899,100002
M040892,40.844417,-73.940899,110001
M040892,40.844392,-73.940909,110002
M040892,40.844042,-73.941139,110003
M040892,40.843432,-73.941639,110004
M040892,40.843169,-73.941829,110005
M040892,40.843169,-73.941829,120001
M040892,40.843072,-73.941899,120002
M040892,40.842802,-73.942009,120003
M040892,40.842622,-73.942079,120004
M040892,40.842142,-73.942279,120005
M040892,40.841881,-73.942380,120006
M040892,40.841881,-73.942380,130001
M040892,40.839887,-73.943182,130002
M040892,40.839887,-73.943182,140001
M040892,40.838706,-73.943645,140002
M040892,40.838706,-73.943645,150001
M040892,40.837523,-73.944118,150002
M040892,40.837523,-73.944118,160001
M040892,40.836082,-73.944669,160002
M040892,40.836082,-73.944669,170001
M040892,40.835912,-73.944669,170002
M040892,40.835752,-73.944609,170003
M040892,40.835612,-73.944509,170004
M040892,40.835502,-73.944389,170005
M040892,40.835422,-73.944249,170006
M040892,40.835332,-73.944039,170007
M040892,40.834702,-73.944519,170008
M040892,40.834210,-73.944876,170009
M040892,40.834210,-73.944876,180001
M040892,40.832475,-73.946135,180002
M040892,40.832475,-73.946135,190001
M040892,40.830626,-73.947475,190002
M040892,40.830626,-73.947475,200001
M040892,40.829362,-73.948411,200002
M040892,40.829362,-73.948411,210001
M040892,40.827476,-73.949793,210002
M040892,40.827476,-73.949793,220001
M040892,40.826657,-73.950395,220002
M040892,40.826657,-73.950395,230001
M040892,40.824277,-73.952114,230002
M040892,40.824277,-73.952114,240001
M040892,40.823038,-73.953038,240002
M040892,40.823038,-73.953038,250001
M040892,40.821804,-73.953937,250002
M040892,40.821804,-73.953937,260001
M040892,40.819940,-73.955323,260002
M040892,40.819940,-73.955323,270001
M040892,40.818408,-73.956432,270002
M040892,40.818408,-73.956432,280001
M040892,40.816132,-73.958096,280002
M040892,40.816132,-73.958096,290001
M040892,40.814988,-73.958950,290002
M040892,40.814988,-73.958950,300001
M040892,40.811691,-73.961342,300002
M040892,40.811691,-73.961342,310001
M040892,40.810286,-73.962360,310002
M040892,40.810286,-73.962360,320001
M040892,40.807905,-73.964095,320002
M040892,40.807905,-73.964095,330001
M040892,40.806599,-73.965051,330002
M040892,40.806599,-73.965051,340001
M040892,40.805336,-73.965967,340002
M040892,40.805336,-73.965967,350001
M040892,40.804852,-73.966299,350002
M040892,40.804192,-73.966789,350003
M040892,40.804122,-73.966609,350004
M040892,40.803932,-73.966155,350005
M040892,40.803932,-73.966155,360001
M040892,40.802798,-73.963455,360002
M040892,40.802798,-73.963455,370001
M040892,40.801615,-73.960710,370002
M040892,40.801615,-73.960710,380001
M040892,40.801098,-73.959540,380002
M040892,40.801098,-73.959540,390001
M040892,40.801082,-73.959499,390002
M040892,40.800692,-73.958449,390003
M040892,40.800612,-73.958489,390004
M040892,40.800552,-73.958489,390005
M040892,40.800482,-73.958459,390006
M040892,40.800422,-73.958399,390007
M040892,40.800372,-73.958329,390008
M040892,40.800342,-73.958249,390009
M040892,40.800332,-73.958129,390010
M040892,40.800362,-73.958039,390011
M040892,40.800422,-73.957939,390012
M040892,40.800482,-73.957879,390013
M040892,40.800406,-73.957692,390014
M040892,40.800406,-73.957692,400001
M040892,40.799231,-73.954817,400002
M040892,40.799231,-73.954817,410001
M040892,40.798343,-73.952703,410002
M040892,40.798343,-73.952703,420001
M040892,40.798312,-73.952629,420002
M040892,40.798282,-73.952559,420003
M040892,40.798202,-73.952379,420004
M040892,40.798162,-73.952289,420005
M040892,40.797612,-73.950979,420006
M040892,40.797152,-73.949879,420007
M040892,40.797092,-73.949729,420008
M040892,40.796892,-73.949669,420009
M040892,40.796812,-73.949629,420010
M040892,40.796782,-73.949619,420011
M040892,40.796732,-73.949569,420012
M040892,40.796682,-73.949499,420013
M040892,40.796632,-73.949419,420014
M040892,40.796575,-73.949457,420015
M040892,40.796575,-73.949457,430001
M040892,40.795477,-73.950235,430002
M040892,40.795477,-73.950235,440001
M040892,40.794143,-73.951208,440002
M040892,40.794143,-73.951208,450001
M040892,40.793037,-73.952011,450002
M040892,40.793037,-73.952011,460001
M040892,40.791537,-73.953107,460002
M040892,40.791537,-73.953107,470001
M040892,40.789167,-73.954842,470002
M040892,40.789167,-73.954842,480001
M040892,40.788179,-73.955552,480002
M040892,40.788179,-73.955552,490001
M040892,40.786520,-73.956772,490002
M040892,40.786520,-73.956772,500001
M040892,40.785424,-73.957571,500002
M040892,40.785424,-73.957571,510001
M040892,40.785332,-73.957639,510002
M040892,40.784712,-73.958099,510003
M040892,40.784092,-73.958549,510004
M040892,40.783963,-73.958639,510005
M040892,40.783963,-73.958639,520001
M040892,40.783452,-73.958999,520002
M040892,40.783392,-73.959049,520003
M040892,40.782832,-73.959459,520004
M040892,40.782202,-73.959919,520005
M040892,40.782148,-73.959957,520006
M040892,40.782148,-73.959957,530001
M040892,40.781522,-73.960409,530002
M040892,40.781212,-73.960639,530003
M040892,40.780842,-73.960909,530004
M040892,40.780399,-73.961239,530005
M040892,40.780399,-73.961239,540001
M040892,40.778512,-73.962617,540002
M040892,40.778512,-73.962617,550001
M040892,40.776214,-73.964293,550002
M040892,40.776214,-73.964293,560001
M040892,40.775577,-73.964756,560002
M040892,40.775577,-73.964756,570001
M040892,40.774313,-73.965674,570002
M040892,40.774313,-73.965674,580001
M040892,40.771763,-73.967538,580002
M040892,40.771763,-73.967538,590001
M040892,40.770226,-73.968661,590002
M040892,40.770226,-73.968661,600001
M040892,40.768193,-73.970141,600002
M040892,40.768193,-73.970141,610001
M040892,40.768032,-73.970259,610002
M040892,40.767382,-73.970729,610003
M040892,40.767321,-73.970774,610004
M040892,40.767321,-73.970774,620001
M040892,40.766762,-73.971189,620002
M040892,40.766132,-73.971649,620003
M040892,40.766053,-73.971706,620004
M040892,40.766053,-73.971706,630001
M040892,40.764409,-73.972916,630002
M040892,40.764409,-73.972916,640001
M040892,40.761758,-73.974839,640002
M040892,40.761758,-73.974839,650001
M040892,40.761662,-73.974909,650002
M040892,40.761032,-73.975369,650003
M040892,40.760402,-73.975829,650004
M040892,40.760292,-73.975909,650005
M040892,40.760172,-73.975999,650006
M040892,40.759884,-73.976213,650007
M040892,40.759884,-73.976213,660001
M040892,40.757990,-73.977584,660002
M040892,40.757990,-73.977584,670001
M040892,40.756119,-73.978958,670002
M040892,40.756119,-73.978958,680001
M040892,40.754840,-73.979896,680002
M040892,40.754840,-73.979896,690001
M040892,40.753170,-73.981103,690002
M040892,40.753170,-73.981103,700001
M040892,40.750903,-73.982755,700002
M040892,40.750903,-73.982755,710001
M040892,40.750342,-73.983179,710002
M040892,40.749722,-73.983619,710003
M040892,40.749092,-73.984079,710004
M040892,40.748533,-73.984485,710005
M040892,40.748533,-73.984485,720001
M040892,40.748432,-73.984559,720002
M040892,40.748272,-73.984679,720003
M040892,40.747762,-73.985049,720004
M040892,40.747142,-73.985499,720005
M040892,40.746472,-73.983899,720006
M040892,40.746583,-73.983816,720007
M040893,40.859233,-73.934230,10001
M040893,40.859232,-73.934229,10002
M040893,40.859202,-73.934139,10003
M040893,40.858672,-73.934459,10004
M040893,40.858422,-73.934619,10005
M040893,40.857102,-73.935599,10006
M040893,40.856775,-73.935842,10007
M040893,40.856775,-73.935842,20001
M040893,40.855702,-73.936639,20002
M040893,40.855422,-73.936789,20003
M040893,40.855092,-73.936889,20004
M040893,40.854807,-73.936977,20005
M040893,40.854807,-73.936977,30001
M040893,40.853119,-73.937504,30002
M040893,40.853119,-73.937504,40001
M040893,40.851873,-73.937914,40002
M040893,40.851873,-73.937914,50001
M040893,40.850613,-73.938395,50002
M040893,40.850613,-73.938395,60001
M040893,40.849982,-73.938649,60002
M040893,40.849682,-73.938779,60003
M040893,40.849292,-73.938949,60004
M040893,40.849162,-73.939019,60005
M040893,40.849092,-73.939059,60006
M040893,40.848942,-73.939139,60007
M040893,40.848852,-73.939179,60008
M040893,40.848662,-73.939249,60009
M040893,40.848192,-73.939399,60010
M040893,40.847832,-73.939519,60011
M040893,40.847562,-73.939630,60012
M040893,40.847562,-73.939630,70001
M040893,40.845833,-73.940320,70002
M040893,40.845833,-73.940320,80001
M040893,40.844417,-73.940899,80002
M040893,40.844417,-73.940899,90001
M040893,40.844392,-73.940909,90002
M040893,40.844042,-73.941139,90003
M040893,40.843432,-73.941639,90004
M040893,40.843169,-73.941829,90005
M040893,40.843169,-73.941829,100001
M040893,40.843072,-73.941899,100002
M040893,40.842802,-73.942009,100003
M040893,40.842622,-73.942079,100004
M040893,40.842142,-73.942279,100005
M040893,40.841881,-73.942380,100006
M040893,40.841881,-73.942380,110001
M040893,40.839887,-73.943182,110002
M040893,40.839887,-73.943182,120001
M040893,40.838706,-73.943645,120002
M040893,40.838706,-73.943645,130001
M040893,40.837523,-73.944118,130002
M040893,40.837523,-73.944118,140001
M040893,40.836082,-73.944669,140002
M040893,40.836082,-73.944669,150001
M040893,40.835912,-73.944669,150002
M040893,40.835752,-73.944609,150003
M040893,40.835612,-73.944509,150004
M040893,40.835502,-73.944389,150005
M040893,40.835422,-73.944249,150006
M040893,40.835332,-73.944039,150007
M040893,40.834702,-73.944519,150008
M040893,40.834210,-73.944876,150009
M040893,40.834210,-73.944876,160001
M040893,40.832475,-73.946135,160002
M040893,40.832475,-73.946135,170001
M040893,40.830626,-73.947475,170002
M040893,40.830626,-73.947475,180001
M040893,40.829362,-73.948411,180002
M040893,40.829362,-73.948411,190001
M040893,40.827476,-73.949793,190002
M040893,40.827476,-73.949793,200001
M040893,40.826657,-73.950395,200002
M040893,40.826657,-73.950395,210001
M040893,40.824277,-73.952114,210002
M040893,40.824277,-73.952114,220001
M040893,40.823038,-73.953038,220002
M040893,40.823038,-73.953038,230001
M040893,40.821804,-73.953937,230002
M040893,40.821804,-73.953937,240001
M040893,40.819940,-73.955323,240002
M040893,40.819940,-73.955323,250001
M040893,40.818408,-73.956432,250002
M040893,40.818408,-73.956432,260001
M040893,40.816132,-73.958096,260002
M040893,40.816132,-73.958096,270001
M040893,40.814988,-73.958950,270002
M040893,40.814988,-73.958950,280001
M040893,40.811691,-73.961342,280002
M040893,40.811691,-73.961342,290001
M040893,40.810286,-73.962360,290002
M040893,40.810286,-73.962360,300001
M040893,40.807905,-73.964095,300002
M040893,40.807905,-73.964095,310001
M040893,40.806599,-73.965051,310002
M040893,40.806599,-73.965051,320001
M040893,40.805336,-73.965967,320002
M040893,40.805336,-73.965967,330001
M040893,40.804852,-73.966299,330002
M040893,40.804192,-73.966789,330003
M040893,40.804122,-73.966609,330004
M040893,40.803932,-73.966155,330005
M040893,40.803932,-73.966155,340001
M040893,40.802798,-73.963455,340002
M040893,40.802798,-73.963455,350001
M040893,40.801615,-73.960710,350002
M040893,40.801615,-73.960710,360001
M040893,40.801098,-73.959540,360002
M040893,40.801098,-73.959540,370001
M040893,40.801082,-73.959499,370002
M040893,40.800692,-73.958449,370003
M040893,40.800612,-73.958489,370004
M040893,40.800552,-73.958489,370005
M040893,40.800482,-73.958459,370006
M040893,40.800422,-73.958399,370007
M040893,40.800372,-73.958329,370008
M040893,40.800342,-73.958249,370009
M040893,40.800332,-73.958129,370010
M040893,40.800362,-73.958039,370011
M040893,40.800422,-73.957939,370012
M040893,40.800482,-73.957879,370013
M040893,40.800406,-73.957692,370014
M040893,40.800406,-73.957692,380001
M040893,40.799231,-73.954817,380002
M040893,40.799231,-73.954817,390001
M040893,40.798343,-73.952703,390002
M040893,40.798343,-73.952703,400001
M040893,40.798312,-73.952629,400002
M040893,40.798282,-73.952559,400003
M040893,40.798202,-73.952379,400004
M040893,40.798162,-73.952289,400005
M040893,40.797612,-73.950979,400006
M040893,40.797152,-73.949879,400007
M040893,40.797092,-73.949729,400008
M040893,40.796892,-73.949669,400009
M040893,40.796812,-73.949629,400010
M040893,40.796782,-73.949619,400011
M040893,40.796732,-73.949569,400012
M040893,40.796682,-73.949499,400013
M040893,40.796632,-73.949419,400014
M040893,40.796575,-73.949457,400015
M040893,40.796575,-73.949457,410001
M040893,40.795477,-73.950235,410002
M040893,40.795477,-73.950235,420001
M040893,40.794143,-73.951208,420002
M040893,40.794143,-73.951208,430001
M040893,40.793037,-73.952011,430002
M040893,40.793037,-73.952011,440001
M040893,40.791537,-73.953107,440002
M040893,40.791537,-73.953107,450001
M040893,40.789167,-73.954842,450002
M040893,40.789167,-73.954842,460001
M040893,40.788179,-73.955552,460002
M040893,40.788179,-73.955552,470001
M040893,40.786520,-73.956772,470002
M040893,40.786520,-73.956772,480001
M040893,40.785424,-73.957571,480002
M040893,40.785424,-73.957571,490001
M040893,40.785332,-73.957639,490002
M040893,40.784712,-73.958099,490003
M040893,40.784092,-73.958549,490004
M040893,40.783963,-73.958639,490005
M040893,40.783963,-73.958639,500001
M040893,40.783452,-73.958999,500002
M040893,40.783392,-73.959049,500003
M040893,40.782832,-73.959459,500004
M040893,40.782202,-73.959919,500005
M040893,40.782148,-73.959957,500006
M040893,40.782148,-73.959957,510001
M040893,40.781522,-73.960409,510002
M040893,40.781212,-73.960639,510003
M040893,40.780842,-73.960909,510004
M040893,40.780399,-73.961239,510005
M040893,40.780399,-73.961239,520001
M040893,40.778512,-73.962617,520002
M040893,40.778512,-73.962617,530001
M040893,40.776214,-73.964293,530002
M040893,40.776214,-73.964293,540001
M040893,40.775577,-73.964756,540002
M040893,40.775577,-73.964756,550001
M040893,40.774313,-73.965674,550002
M040893,40.774313,-73.965674,560001
M040893,40.771763,-73.967538,560002
M040893,40.771763,-73.967538,570001
M040893,40.770226,-73.968661,570002
M040893,40.770226,-73.968661,580001
M040893,40.768193,-73.970141,580002
M040893,40.768193,-73.970141,590001
M040893,40.768032,-73.970259,590002
M040893,40.767382,-73.970729,590003
M040893,40.767321,-73.970774,590004
M040893,40.767321,-73.970774,600001
M040893,40.766762,-73.971189,600002
M040893,40.766132,-73.971649,600003
M040893,40.766053,-73.971706,600004
M040893,40.766053,-73.971706,610001
M040893,40.764409,-73.972916,610002
M040893,40.764409,-73.972916,620001
M040893,40.761758,-73.974839,620002
M040893,40.761758,-73.974839,630001
M040893,40.761662,-73.974909,630002
M040893,40.761032,-73.975369,630003
M040893,40.760402,-73.975829,630004
M040893,40.760292,-73.975909,630005
M040893,40.760172,-73.975999,630006
M040893,40.759884,-73.976213,630007
M040893,40.759884,-73.976213,640001
M040893,40.757990,-73.977584,640002
M040893,40.757990,-73.977584,650001
M040893,40.756119,-73.978958,650002
M040893,40.756119,-73.978958,660001
M040893,40.754840,-73.979896,660002
M040893,40.754840,-73.979896,670001
M040893,40.753170,-73.981103,670002
M040893,40.753170,-73.981103,680001
M040893,40.750903,-73.982755,680002
M040893,40.750903,-73.982755,690001
M040893,40.750342,-73.983179,690002
M040893,40.749722,-73.983619,690003
M040893,40.749092,-73.984079,690004
M040893,40.748533,-73.984485,690005
M040893,40.748533,-73.984485,700001
M040893,40.748432,-73.984559,700002
M040893,40.748272,-73.984679,700003
M040893,40.747762,-73.985049,700004
M040893,40.747142,-73.985499,700005
M040893,40.746472,-73.983899,700006
M040893,40.746583,-73.983816,700007
M040894,40.818408,-73.956432,10001
M040894,40.816132,-73.958096,10002
M040894,40.816132,-73.958096,20001
M040894,40.814988,-73.958950,20002
M040894,40.814988,-73.958950,30001
M040894,40.811691,-73.961342,30002
M040894,40.811691,-73.961342,40001
M040894,40.810286,-73.962360,40002
M040894,40.810286,-73.962360,50001
M040894,40.807905,-73.964095,50002
M040894,40.807905,-73.964095,60001
M040894,40.806599,-73.965051,60002
M040894,40.806599,-73.965051,70001
M040894,40.805336,-73.965967,70002
M040894,40.805336,-73.965967,80001
M040894,40.804852,-73.966299,80002
M040894,40.804192,-73.966789,80003
M040894,40.804122,-73.966609,80004
M040894,40.803932,-73.966155,80005
M040894,40.803932,-73.966155,90001
M040894,40.802798,-73.963455,90002
M040894,40.802798,-73.963455,100001
M040894,40.801615,-73.960710,100002
M040894,40.801615,-73.960710,110001
M040894,40.801098,-73.959540,110002
M040894,40.801098,-73.959540,120001
M040894,40.801082,-73.959499,120002
M040894,40.800692,-73.958449,120003
M040894,40.800612,-73.958489,120004
M040894,40.800552,-73.958489,120005
M040894,40.800482,-73.958459,120006
M040894,40.800422,-73.958399,120007
M040894,40.800372,-73.958329,120008
M040894,40.800342,-73.958249,120009
M040894,40.800332,-73.958129,120010
M040894,40.800362,-73.958039,120011
M040894,40.800422,-73.957939,120012
M040894,40.800482,-73.957879,120013
M040894,40.800406,-73.957692,120014
M040894,40.800406,-73.957692,130001
M040894,40.799231,-73.954817,130002
M040894,40.799231,-73.954817,140001
M040894,40.798343,-73.952703,140002
M040894,40.798343,-73.952703,150001
M040894,40.798312,-73.952629,150002
M040894,40.798282,-73.952559,150003
M040894,40.798202,-73.952379,150004
M040894,40.798162,-73.952289,150005
M040894,40.797612,-73.950979,150006
M040894,40.797152,-73.949879,150007
M040894,40.797092,-73.949729,150008
M040894,40.796892,-73.949669,150009
M040894,40.796812,-73.949629,150010
M040894,40.796782,-73.949619,150011
M040894,40.796732,-73.949569,150012
M040894,40.796682,-73.949499,150013
M040894,40.796632,-73.949419,150014
M040894,40.796575,-73.949457,150015
M040894,40.796575,-73.949457,160001
M040894,40.795477,-73.950235,160002
M040894,40.795477,-73.950235,170001
M040894,40.794143,-73.951208,170002
M040894,40.794143,-73.951208,180001
M040894,40.793037,-73.952011,180002
M040894,40.793037,-73.952011,190001
M040894,40.791537,-73.953107,190002
M040894,40.791537,-73.953107,200001
M040894,40.789167,-73.954842,200002
M040894,40.789167,-73.954842,210001
M040894,40.788179,-73.955552,210002
M040894,40.788179,-73.955552,220001
M040894,40.786520,-73.956772,220002
M040894,40.786520,-73.956772,230001
M040894,40.785424,-73.957571,230002
M040894,40.785424,-73.957571,240001
M040894,40.785332,-73.957639,240002
M040894,40.784712,-73.958099,240003
M040894,40.784092,-73.958549,240004
M040894,40.783963,-73.958639,240005
M040894,40.783963,-73.958639,250001
M040894,40.783452,-73.958999,250002
M040894,40.783392,-73.959049,250003
M040894,40.782832,-73.959459,250004
M040894,40.782202,-73.959919,250005
M040894,40.782148,-73.959957,250006
M040894,40.782148,-73.959957,260001
M040894,40.781522,-73.960409,260002
M040894,40.781212,-73.960639,260003
M040894,40.780842,-73.960909,260004
M040894,40.780399,-73.961239,260005
M040894,40.780399,-73.961239,270001
M040894,40.778512,-73.962617,270002
M040894,40.778512,-73.962617,280001
M040894,40.776214,-73.964293,280002
M040894,40.776214,-73.964293,290001
M040894,40.775577,-73.964756,290002
M040894,40.775577,-73.964756,300001
M040894,40.774313,-73.965674,300002
M040894,40.774313,-73.965674,310001
M040894,40.771763,-73.967538,310002
M040894,40.771763,-73.967538,320001
M040894,40.770226,-73.968661,320002
M040894,40.770226,-73.968661,330001
M040894,40.768193,-73.970141,330002
M040894,40.768193,-73.970141,340001
M040894,40.768032,-73.970259,340002
M040894,40.767382,-73.970729,340003
M040894,40.767321,-73.970774,340004
M040894,40.767321,-73.970774,350001
M040894,40.766762,-73.971189,350002
M040894,40.766132,-73.971649,350003
M040894,40.766053,-73.971706,350004
M040894,40.766053,-73.971706,360001
M040894,40.764409,-73.972916,360002
M040894,40.764409,-73.972916,370001
M040894,40.761758,-73.974839,370002
M040894,40.761758,-73.974839,380001
M040894,40.761662,-73.974909,380002
M040894,40.761032,-73.975369,380003
M040894,40.760402,-73.975829,380004
M040894,40.760292,-73.975909,380005
M040894,40.760172,-73.975999,380006
M040894,40.759884,-73.976213,380007
M040894,40.759884,-73.976213,390001
M040894,40.757990,-73.977584,390002
M040894,40.757990,-73.977584,400001
M040894,40.756119,-73.978958,400002
M040894,40.756119,-73.978958,410001
M040894,40.754840,-73.979896,410002
M040894,40.754840,-73.979896,420001
M040894,40.753170,-73.981103,420002
M040894,40.753170,-73.981103,430001
M040894,40.750903,-73.982755,430002
M040894,40.750903,-73.982755,440001
M040894,40.750342,-73.983179,440002
M040894,40.749722,-73.983619,440003
M040894,40.749092,-73.984079,440004
M040894,40.748533,-73.984485,440005
M040894,40.748533,-73.984485,450001
M040894,40.748432,-73.984559,450002
M040894,40.748272,-73.984679,450003
M040894,40.747762,-73.985049,450004
M040894,40.747142,-73.985499,450005
M040894,40.746472,-73.983899,450006
M040894,40.746583,-73.983816,450007
M040895,40.859233,-73.934230,10001
M040895,40.859232,-73.934229,10002
M040895,40.859202,-73.934139,10003
M040895,40.858672,-73.934459,10004
M040895,40.858422,-73.934619,10005
M040895,40.857102,-73.935599,10006
M040895,40.856775,-73.935842,10007
M040895,40.856775,-73.935842,20001
M040895,40.855702,-73.936639,20002
M040895,40.855422,-73.936789,20003
M040895,40.855092,-73.936889,20004
M040895,40.854807,-73.936977,20005
M040895,40.854807,-73.936977,30001
M040895,40.853119,-73.937504,30002
M040895,40.853119,-73.937504,40001
M040895,40.851873,-73.937914,40002
M040895,40.851873,-73.937914,50001
M040895,40.850613,-73.938395,50002
M040895,40.850613,-73.938395,60001
M040895,40.849982,-73.938649,60002
M040895,40.849682,-73.938779,60003
M040895,40.849292,-73.938949,60004
M040895,40.849162,-73.939019,60005
M040895,40.849092,-73.939059,60006
M040895,40.848942,-73.939139,60007
M040895,40.848852,-73.939179,60008
M040895,40.848662,-73.939249,60009
M040895,40.848192,-73.939399,60010
M040895,40.847832,-73.939519,60011
M040895,40.847562,-73.939630,60012
M040895,40.847562,-73.939630,70001
M040895,40.845833,-73.940320,70002
M040895,40.845833,-73.940320,80001
M040895,40.844417,-73.940899,80002
M040895,40.844417,-73.940899,90001
M040895,40.844392,-73.940909,90002
M040895,40.844042,-73.941139,90003
M040895,40.843432,-73.941639,90004
M040895,40.843169,-73.941829,90005
M040895,40.843169,-73.941829,100001
M040895,40.843072,-73.941899,100002
M040895,40.842802,-73.942009,100003
M040895,40.842622,-73.942079,100004
M040895,40.842142,-73.942279,100005
M040895,40.841881,-73.942380,100006
M040895,40.841881,-73.942380,110001
M040895,40.839887,-73.943182,110002
M040895,40.839887,-73.943182,120001
M040895,40.838706,-73.943645,120002
M040895,40.838706,-73.943645,130001
M040895,40.837523,-73.944118,130002
M040895,40.837523,-73.944118,140001
M040895,40.836082,-73.944669,140002
M040895,40.836082,-73.944669,150001
M040895,40.835912,-73.944669,150002
M040895,40.835752,-73.944609,150003
M040895,40.835612,-73.944509,150004
M040895,40.835502,-73.944389,150005
M040895,40.835422,-73.944249,150006
M040895,40.835332,-73.944039,150007
M040895,40.834702,-73.944519,150008
M040895,40.834210,-73.944876,150009
M040895,40.834210,-73.944876,160001
M040895,40.826657,-73.950395,160002
M040895,40.826657,-73.950395,170001
M040895,40.819940,-73.955323,170002
M040895,40.819940,-73.955323,180001
M040895,40.818408,-73.956432,180002
M040895,40.818408,-73.956432,190001
M040895,40.814988,-73.958950,190002
M040895,40.814988,-73.958950,200001
M040895,40.807905,-73.964095,200002
M040895,40.807905,-73.964095,210001
M040895,40.807802,-73.964169,210002
M040895,40.807382,-73.964479,210003
M040895,40.806742,-73.964949,210004
M040895,40.806112,-73.965399,210005
M040895,40.805492,-73.965859,210006
M040895,40.805452,-73.965889,210007
M040895,40.804852,-73.966299,210008
M040895,40.804192,-73.966789,210009
M040895,40.804122,-73.966609,210010
M040895,40.803932,-73.966155,210011
M040895,40.803932,-73.966155,220001
M040895,40.802798,-73.963455,220002
M040895,40.802798,-73.963455,230001
M040895,40.801615,-73.960710,230002
M040895,40.801615,-73.960710,240001
M040895,40.801098,-73.959540,240002
M040895,40.801098,-73.959540,250001
M040895,40.801082,-73.959499,250002
M040895,40.800692,-73.958449,250003
M040895,40.800612,-73.958489,250004
M040895,40.800552,-73.958489,250005
M040895,40.800482,-73.958459,250006
M040895,40.800422,-73.958399,250007
M040895,40.800372,-73.958329,250008
M040895,40.800342,-73.958249,250009
M040895,40.800332,-73.958129,250010
M040895,40.800362,-73.958039,250011
M040895,40.800422,-73.957939,250012
M040895,40.800482,-73.957879,250013
M040895,40.800406,-73.957692,250014
M040895,40.800406,-73.957692,260001
M040895,40.799231,-73.954817,260002
M040895,40.799231,-73.954817,270001
M040895,40.798343,-73.952703,270002
M040895,40.798343,-73.952703,280001
M040895,40.798312,-73.952629,280002
M040895,40.798282,-73.952559,280003
M040895,40.798202,-73.952379,280004
M040895,40.798162,-73.952289,280005
M040895,40.797612,-73.950979,280006
M040895,40.797152,-73.949879,280007
M040895,40.797092,-73.949729,280008
M040895,40.796892,-73.949669,280009
M040895,40.796812,-73.949629,280010
M040895,40.796782,-73.949619,280011
M040895,40.796732,-73.949569,280012
M040895,40.796682,-73.949499,280013
M040895,40.796632,-73.949419,280014
M040895,40.796575,-73.949457,280015
M040895,40.796575,-73.949457,290001
M040895,40.795477,-73.950235,290002
M040895,40.795477,-73.950235,300001
M040895,40.794143,-73.951208,300002
M040895,40.794143,-73.951208,310001
M040895,40.791537,-73.953107,310002
M040895,40.791537,-73.953107,320001
M040895,40.788179,-73.955552,320002
M040895,40.788179,-73.955552,330001
M040895,40.780399,-73.961239,330002
M040895,40.780399,-73.961239,340001
M040895,40.776214,-73.964293,340002
M040895,40.776214,-73.964293,350001
M040895,40.771763,-73.967538,350002
M040895,40.771763,-73.967538,360001
M040895,40.768193,-73.970141,360002
M040895,40.768193,-73.970141,370001
M040895,40.764409,-73.972916,370002
M040895,40.764409,-73.972916,380001
M040895,40.761758,-73.974839,380002
M040895,40.761758,-73.974839,390001
M040895,40.761662,-73.974909,390002
M040895,40.761032,-73.975369,390003
M040895,40.760402,-73.975829,390004
M040895,40.760292,-73.975909,390005
M040895,40.760172,-73.975999,390006
M040895,40.759782,-73.976289,390007
M040895,40.759152,-73.976749,390008
M040895,40.758932,-73.976909,390009
M040895,40.758782,-73.977019,390010
M040895,40.758532,-73.977199,390011
M040895,40.758242,-73.977399,390012
M040895,40.757902,-73.977649,390013
M040895,40.757732,-73.977779,390014
M040895,40.757272,-73.978109,390015
M040895,40.756652,-73.978569,390016
M040895,40.756119,-73.978958,390017
M040895,40.756119,-73.978958,400001
M040895,40.753170,-73.981103,400002
M040895,40.753170,-73.981103,410001
M040895,40.748533,-73.984485,410002
M040895,40.748533,-73.984485,420001
M040895,40.748432,-73.984559,420002
M040895,40.748272,-73.984679,420003
M040895,40.747762,-73.985049,420004
M040895,40.747142,-73.985499,420005
M040895,40.746472,-73.983899,420006
M040895,40.746583,-73.983816,420007
M040896,40.746644,-73.983771,10001
M040896,40.748361,-73.982514,10002
M040896,40.748361,-73.982514,20001
M040896,40.750172,-73.981193,20002
M040896,40.750172,-73.981193,30001
M040896,40.750272,-73.981119,30002
M040896,40.750902,-73.980669,30003
M040896,40.751512,-73.980219,30004
M040896,40.752053,-73.979826,30005
M040896,40.752053,-73.979826,40001
M040896,40.752132,-73.979769,40002
M040896,40.752352,-73.979609,40003
M040896,40.752542,-73.979479,40004
M040896,40.752822,-73.979269,40005
M040896,40.753377,-73.978850,40006
M040896,40.753377,-73.978850,50001
M040896,40.753472,-73.978779,50002
M040896,40.754002,-73.978399,50003
M040896,40.754052,-73.978359,50004
M040896,40.754092,-73.978329,50005
M040896,40.754722,-73.977869,50006
M040896,40.755263,-73.977476,50007
M040896,40.755263,-73.977476,60001
M040896,40.755342,-73.977419,60002
M040896,40.755972,-73.976959,60003
M040896,40.756524,-73.976549,60004
M040896,40.756524,-73.976549,70001
M040896,40.756592,-73.976499,70002
M040896,40.756972,-73.976239,70003
M040896,40.757222,-73.976049,70004
M040896,40.757784,-73.975647,70005
M040896,40.757784,-73.975647,80001
M040896,40.757852,-73.975599,80002
M040896,40.758482,-73.975129,80003
M040896,40.759092,-73.974679,80004
M040896,40.759669,-73.974263,80005
M040896,40.759669,-73.974263,90001
M040896,40.759732,-73.974219,90002
M040896,40.760352,-73.973769,90003
M040896,40.760982,-73.973299,90004
M040896,40.761540,-73.972893,90005
M040896,40.761540,-73.972893,100001
M040896,40.761602,-73.972849,100002
M040896,40.762282,-73.972359,100003
M040896,40.762890,-73.971914,100004
M040896,40.762890,-73.971914,110001
M040896,40.764719,-73.970581,110002
M040896,40.764719,-73.970581,120001
M040896,40.766310,-73.969416,120002
M040896,40.766310,-73.969416,130001
M040896,40.767874,-73.968274,130002
M040896,40.767874,-73.968274,140001
M040896,40.768849,-73.967569,140002
M040896,40.768849,-73.967569,150001
M040896,40.770113,-73.966648,150002
M040896,40.770113,-73.966648,160001
M040896,40.771834,-73.965383,160002
M040896,40.771834,-73.965383,170001
M040896,40.772452,-73.964929,170002
M040896,40.772802,-73.964677,170003
M040896,40.772802,-73.964677,180001
M040896,40.773092,-73.964469,180002
M040896,40.773722,-73.964009,180003
M040896,40.774362,-73.963549,180004
M040896,40.774992,-73.963089,180005
M040896,40.775357,-73.962826,180006
M040896,40.775357,-73.962826,190001
M040896,40.777486,-73.961273,190002
M040896,40.777486,-73.961273,200001
M040896,40.778828,-73.960292,200002
M040896,40.778828,-73.960292,210001
M040896,40.781189,-73.958562,210002
M040896,40.781189,-73.958562,220001
M040896,40.782709,-73.957452,220002
M040896,40.782709,-73.957452,230001
M040896,40.784398,-73.956225,230002
M040896,40.784398,-73.956225,240001
M040896,40.785673,-73.955290,240002
M040896,40.785673,-73.955290,250001
M040896,40.787127,-73.954244,250002
M040896,40.787127,-73.954244,260001
M040896,40.788449,-73.953263,260002
M040896,40.788449,-73.953263,270001
M040896,40.790342,-73.951890,270002
M040896,40.790342,-73.951890,280001
M040896,40.791407,-73.951109,280002
M040896,40.791407,-73.951109,290001
M040896,40.792193,-73.950530,290002
M040896,40.792193,-73.950530,300001
M040896,40.793472,-73.949602,300002
M040896,40.793472,-73.949602,310001
M040896,40.794588,-73.948783,310002
M040896,40.794588,-73.948783,320001
M040896,40.794902,-73.948559,320002
M040896,40.795532,-73.948099,320003
M040896,40.796162,-73.947639,320004
M040896,40.796272,-73.947899,320005
M040896,40.796352,-73.948083,320006
M040896,40.796352,-73.948083,330001
M040896,40.796692,-73.948869,330002
M040896,40.796792,-73.948819,330003
M040896,40.796892,-73.948819,330004
M040896,40.796972,-73.948859,330005
M040896,40.797052,-73.948959,330006
M040896,40.797102,-73.949089,330007
M040896,40.797116,-73.949171,330008
M040896,40.797116,-73.949171,340001
M040896,40.797122,-73.949209,340002
M040896,40.797122,-73.949349,340003
M040896,40.797112,-73.949509,340004
M040896,40.797092,-73.949729,340005
M040896,40.797152,-73.949879,340006
M040896,40.797612,-73.950979,340007
M040896,40.798162,-73.952289,340008
M040896,40.798202,-73.952379,340009
M040896,40.798282,-73.952559,340010
M040896,40.798312,-73.952629,340011
M040896,40.798322,-73.952654,340012
M040896,40.798322,-73.952654,350001
M040896,40.799311,-73.955006,350002
M040896,40.799311,-73.955006,360001
M040896,40.799392,-73.955199,360002
M040896,40.799462,-73.955369,360003
M040896,40.799522,-73.955529,360004
M040896,40.800482,-73.957879,360005
M040896,40.800572,-73.957859,360006
M040896,40.800632,-73.957869,360007
M040896,40.800692,-73.957899,360008
M040896,40.800732,-73.957929,360009
M040896,40.800782,-73.958019,360010
M040896,40.800812,-73.958109,360011
M040896,40.800812,-73.958219,360012
M040896,40.800792,-73.958309,360013
M040896,40.800752,-73.958389,360014
M040896,40.800692,-73.958449,360015
M040896,40.800720,-73.958524,360016
M040896,40.800720,-73.958524,370001
M040896,40.801313,-73.960035,370002
M040896,40.801313,-73.960035,380001
M040896,40.801938,-73.961453,380002
M040896,40.801938,-73.961453,390001
M040896,40.803141,-73.964265,390002
M040896,40.803141,-73.964265,400001
M040896,40.804071,-73.966488,400002
M040896,40.804071,-73.966488,410001
M040896,40.806284,-73.965017,410002
M040896,40.806284,-73.965017,420001
M040896,40.808004,-73.963787,420002
M040896,40.808004,-73.963787,430001
M040896,40.810368,-73.962045,430002
M040896,40.810368,-73.962045,440001
M040896,40.812057,-73.960790,440002
M040896,40.812057,-73.960790,450001
M040896,40.813995,-73.959366,450002
M040896,40.813995,-73.959366,460001
M040896,40.814981,-73.958672,460002
M040896,40.814981,-73.958672,470001
M040896,40.817359,-73.956942,470002
M040896,40.817359,-73.956942,480001
M040896,40.818551,-73.956069,480002
M040896,40.818551,-73.956069,490001
M040896,40.820661,-73.954533,490002
