id,lat,lng,seq
M080022,40.725019,-73.975503,10001
M080022,40.725322,-73.976209,10002
M080022,40.725862,-73.977549,10003
M080022,40.726000,-73.977878,10004
M080022,40.726000,-73.977878,20001
M080022,40.726852,-73.979909,20002
M080022,40.726997,-73.980252,20003
M080022,40.726997,-73.980252,30001
M080022,40.727779,-73.982105,30002
M080022,40.727779,-73.982105,40001
M080022,40.727832,-73.982229,40002
M080022,40.727252,-73.982659,40003
M080022,40.727411,-73.983038,40004
M080022,40.727411,-73.983038,50001
M080022,40.728182,-73.984879,50002
M080022,40.728332,-73.985229,50003
M080022,40.728339,-73.985246,50004
M080022,40.728339,-73.985246,60001
M080022,40.728962,-73.986719,60002
M080022,40.729182,-73.987239,60003
M080022,40.729352,-73.987629,60004
M080022,40.729370,-73.987674,60005
M080022,40.729370,-73.987674,70001
M080022,40.729892,-73.988919,70002
M080022,40.730047,-73.989296,70003
M080022,40.730047,-73.989296,80001
M080022,40.730122,-73.989479,80002
M080022,40.730500,-73.990360,80003
M080022,40.730500,-73.990360,90001
M080022,40.730572,-73.990529,90002
M080022,40.730612,-73.990629,90003
M080022,40.731152,-73.991899,90004
M080022,40.731380,-73.992441,90005
M080022,40.731380,-73.992441,100001
M080022,40.732162,-73.994299,100002
M080022,40.732308,-73.994644,100003
M080022,40.732308,-73.994644,110001
M080022,40.732842,-73.995909,110002
M080022,40.733043,-73.996399,110003
M080022,40.733043,-73.996399,120001
M080022,40.734096,-73.998954,120002
M080022,40.734096,-73.998954,130001
M080022,40.734172,-73.999139,130002
M080022,40.734122,-73.999329,130003
M080022,40.734062,-73.999639,130004
M080022,40.734019,-73.999921,130005
M080022,40.734019,-73.999921,140001
M080022,40.733952,-74.000359,140002
M080022,40.733832,-74.001209,140003
M080022,40.733694,-74.002184,140004
M080022,40.733694,-74.002184,150001
M080022,40.733692,-74.002199,150002
M080022,40.733612,-74.002789,150003
M080022,40.733519,-74.003324,150004
M080022,40.733519,-74.003324,160001
M080022,40.733362,-74.004229,160002
M080022,40.733303,-74.004680,160003
M080022,40.733303,-74.004680,170001
M080022,40.733222,-74.005309,170002
M080022,40.733142,-74.005869,170003
M080022,40.733096,-74.006138,170004
M080022,40.733096,-74.006138,180001
M080022,40.733052,-74.006399,180002
M080022,40.732812,-74.007529,180003
M080022,40.732752,-74.007918,180004
M080022,40.732752,-74.007918,190001
M080022,40.732642,-74.008629,190002
M080022,40.732576,-74.009038,190003
M080022,40.732576,-74.009038,200001
M080022,40.732442,-74.009869,200002
M080022,40.732342,-74.010239,200003
M080022,40.732498,-74.010222,200004
M080023,40.732853,-74.010186,10001
M080023,40.733122,-74.010159,10002
M080023,40.733192,-74.009799,10003
M080023,40.733364,-74.008723,10004
M080023,40.733364,-74.008723,20001
M080023,40.733392,-74.008549,20002
M080023,40.733560,-74.007475,20003
M080023,40.733560,-74.007475,30001
M080023,40.733582,-74.007339,30002
M080023,40.733742,-74.006289,30003
M080023,40.733807,-74.005857,30004
M080023,40.733807,-74.005857,40001
M080023,40.734002,-74.004569,40002
M080023,40.734047,-74.004265,40003
M080023,40.734047,-74.004265,50001
M080023,40.734242,-74.002969,50002
M080023,40.734298,-74.002606,50003
M080023,40.734298,-74.002606,60001
M080023,40.734332,-74.002389,60002
M080023,40.734472,-74.001389,60003
M080023,40.734525,-74.001031,60004
M080023,40.734525,-74.001031,70001
M080023,40.734682,-73.999979,70002
M080023,40.734612,-73.999939,70003
M080023,40.734292,-73.999739,70004
M080023,40.734155,-73.999680,70005
M080023,40.734155,-73.999680,80001
M080023,40.734062,-73.999639,80002
M080023,40.733632,-73.999529,80003
M080023,40.733582,-73.999469,80004
M080023,40.733542,-73.999419,80005
M080023,40.733418,-73.999124,80006
M080023,40.733418,-73.999124,90001
M080023,40.732942,-73.997989,90002
M080023,40.732284,-73.996448,90003
M080023,40.732284,-73.996448,100001
M080023,40.732242,-73.996349,100002
M080023,40.731592,-73.994789,100003
M080023,40.731458,-73.994472,100004
M080023,40.731458,-73.994472,110001
M080023,40.731272,-73.994029,110002
M080023,40.730942,-73.993249,110003
M080023,40.730754,-73.992805,110004
M080023,40.730754,-73.992805,120001
M080023,40.730582,-73.992399,120002
M080023,40.730103,-73.991255,120003
M080023,40.730103,-73.991255,130001
M080023,40.730042,-73.991109,130002
M080023,40.729872,-73.990719,130003
M080023,40.729742,-73.990389,130004
M080023,40.729612,-73.990049,130005
M080023,40.729562,-73.989909,130006
M080023,40.729472,-73.989729,130007
M080023,40.729372,-73.989496,130008
M080023,40.729372,-73.989496,140001
M080023,40.728648,-73.987821,140002
M080023,40.728648,-73.987821,150001
M080023,40.728582,-73.987669,150002
M080023,40.727962,-73.986189,150003
M080023,40.727592,-73.985309,150004
M080023,40.727420,-73.984898,150005
M080023,40.727420,-73.984898,160001
M080023,40.726760,-73.983324,160002
M080023,40.726760,-73.983324,170001
M080023,40.726662,-73.983089,170002
M080023,40.727252,-73.982659,170003
M080023,40.727832,-73.982229,170004
M080023,40.727674,-73.981856,170005
M080023,40.727674,-73.981856,180001
M080023,40.726852,-73.979909,180002
M080023,40.726708,-73.979565,180003
M080023,40.726708,-73.979565,190001
M080023,40.725862,-73.977549,190002
M080023,40.725716,-73.977187,190003
M080023,40.725716,-73.977187,200001
M080023,40.725322,-73.976209,200002
M080023,40.724922,-73.975276,200003
M080023,40.724922,-73.975276,210001
M080023,40.724872,-73.975159,210002
M080023,40.724582,-73.974519,210003
M080023,40.724542,-73.974539,210004
M080023,40.724482,-73.974539,210005
M080023,40.724432,-73.974509,210006
M080023,40.724382,-73.974439,210007
M080023,40.724352,-73.974349,210008
M080023,40.724362,-73.974249,210009
M080023,40.724422,-73.974129,210010
M080023,40.724472,-73.974099,210011
M080023,40.724522,-73.974099,210012
M080023,40.724592,-73.974139,210013
M080023,40.724642,-73.974229,210014
M080023,40.724662,-73.974339,210015
M080023,40.724642,-73.974439,210016
M080023,40.724582,-73.974519,210017
M080023,40.724620,-73.974602,210018
